match,home_team,away_team,market_name,player_name,player_team,line,over_price,under_price,agency,opposition_team,group_by_header,event_id,outcome_name,outcome_name_under,outcome_id,outcome_id_under,fixed_market_id,fixed_market_id_under
Washington Wizards v Charlotte Hornets,Washington Wizards,Charlotte Hornets,Player Rebounds,Carlton Carrington,Washington Wizards,3.5,1.7,2.1,BetRight,Charlotte Hornets,Player Rebounds Over/Under 3.5 - Carlton Carrington (WAS),40857490,Carlton Carrington Over 3.5,Carlton Carrington Under 3.5,1,2,239739489,239739490
Washington Wizards v Charlotte Hornets,Washington Wizards,Charlotte Hornets,Player Rebounds,Carlton Carrington,Washington Wizards,4.5,2.5,1.5,BetRight,Charlotte Hornets,Player Rebounds Over/Under 4.5 - Carlton Carrington (WAS),40857492,Carlton Carrington Over 4.5,Carlton Carrington Under 4.5,1,2,239739494,239739495
Washington Wizards v Charlotte Hornets,Washington Wizards,Charlotte Hornets,Player Rebounds,Bilal Coulibaly,Washington Wizards,2.5,1.11,6.25,BetRight,Charlotte Hornets,Player Rebounds Over/Under 2.5 - Bilal Coulibaly (WAS),40857494,Bilal Coulibaly Over 2.5,Bilal Coulibaly Under 2.5,1,2,239739498,239739499
Washington Wizards v Charlotte Hornets,Washington Wizards,Charlotte Hornets,Player Rebounds,Bilal Coulibaly,Washington Wizards,3.5,1.26,3.5,BetRight,Charlotte Hornets,Player Rebounds Over/Under 3.5 - Bilal Coulibaly (WAS),40857495,Bilal Coulibaly Over 3.5,Bilal Coulibaly Under 3.5,1,2,239739500,239739501
Washington Wizards v Charlotte Hornets,Washington Wizards,Charlotte Hornets,Player Rebounds,Bilal Coulibaly,Washington Wizards,4.5,1.6,2.25,BetRight,Charlotte Hornets,Player Rebounds Over/Under 4.5 - Bilal Coulibaly (WAS),40857496,Bilal Coulibaly Over 4.5,Bilal Coulibaly Under 4.5,1,2,239739502,239739503
Washington Wizards v Charlotte Hornets,Washington Wizards,Charlotte Hornets,Player Rebounds,Bilal Coulibaly,Washington Wizards,5.5,2.15,1.65,BetRight,Charlotte Hornets,Player Rebounds Over/Under 5.5 - Bilal Coulibaly (WAS),40857498,Bilal Coulibaly Over 5.5,Bilal Coulibaly Under 5.5,1,2,239739506,239739507
Washington Wizards v Charlotte Hornets,Washington Wizards,Charlotte Hornets,Player Rebounds,Bilal Coulibaly,Washington Wizards,6.5,3.25,1.32,BetRight,Charlotte Hornets,Player Rebounds Over/Under 6.5 - Bilal Coulibaly (WAS),40857499,Bilal Coulibaly Over 6.5,Bilal Coulibaly Under 6.5,1,2,239739508,239739509
Washington Wizards v Charlotte Hornets,Washington Wizards,Charlotte Hornets,Player Rebounds,Corey Kispert,Washington Wizards,1.5,1.33,3.2,BetRight,Charlotte Hornets,Player Rebounds Over/Under 1.5 - Corey Kispert (WAS),40857501,Corey Kispert Over 1.5,Corey Kispert Under 1.5,1,2,239739512,239739513
Washington Wizards v Charlotte Hornets,Washington Wizards,Charlotte Hornets,Player Rebounds,Corey Kispert,Washington Wizards,2.5,1.96,1.8,BetRight,Charlotte Hornets,Player Rebounds Over/Under 2.5 - Corey Kispert (WAS),40857502,Corey Kispert Over 2.5,Corey Kispert Under 2.5,1,2,239739514,239739515
Washington Wizards v Charlotte Hornets,Washington Wizards,Charlotte Hornets,Player Rebounds,Corey Kispert,Washington Wizards,3.5,3.3,1.3,BetRight,Charlotte Hornets,Player Rebounds Over/Under 3.5 - Corey Kispert (WAS),40857503,Corey Kispert Over 3.5,Corey Kispert Under 3.5,1,2,239739516,239739517
Washington Wizards v Charlotte Hornets,Washington Wizards,Charlotte Hornets,Player Rebounds,Jordan Poole,Washington Wizards,1.5,1.25,3.75,BetRight,Charlotte Hornets,Player Rebounds Over/Under 1.5 - Jordan Poole (WAS),40857504,Jordan Poole Over 1.5,Jordan Poole Under 1.5,1,2,239739518,239739519
Washington Wizards v Charlotte Hornets,Washington Wizards,Charlotte Hornets,Player Rebounds,Jordan Poole,Washington Wizards,2.5,1.73,2.05,BetRight,Charlotte Hornets,Player Rebounds Over/Under 2.5 - Jordan Poole (WAS),40857505,Jordan Poole Over 2.5,Jordan Poole Under 2.5,1,2,239739520,239739521
Washington Wizards v Charlotte Hornets,Washington Wizards,Charlotte Hornets,Player Rebounds,Jordan Poole,Washington Wizards,3.5,2.75,1.42,BetRight,Charlotte Hornets,Player Rebounds Over/Under 3.5 - Jordan Poole (WAS),40857506,Jordan Poole Over 3.5,Jordan Poole Under 3.5,1,2,239739522,239739523
Washington Wizards v Charlotte Hornets,Washington Wizards,Charlotte Hornets,Player Rebounds,Lamelo Ball,NA,2.5,1.11,5.75,BetRight,NA,Player Rebounds Over/Under 2.5 - Lamelo  Ball (CHA),40857507,Lamelo Ball Over 2.5,Lamelo Ball Under 2.5,1,2,239739524,239739525
Washington Wizards v Charlotte Hornets,Washington Wizards,Charlotte Hornets,Player Rebounds,Lamelo Ball,NA,3.5,1.3,3.3,BetRight,NA,Player Rebounds Over/Under 3.5 - Lamelo  Ball (CHA),40857509,Lamelo Ball Over 3.5,Lamelo Ball Under 3.5,1,2,239739530,239739531
Washington Wizards v Charlotte Hornets,Washington Wizards,Charlotte Hornets,Player Rebounds,Lamelo Ball,NA,4.5,1.65,2.15,BetRight,NA,Player Rebounds Over/Under 4.5 - Lamelo  Ball (CHA),40857510,Lamelo Ball Over 4.5,Lamelo Ball Under 4.5,1,2,239739532,239739533
Washington Wizards v Charlotte Hornets,Washington Wizards,Charlotte Hornets,Player Rebounds,Lamelo Ball,NA,5.5,2.3,1.57,BetRight,NA,Player Rebounds Over/Under 5.5 - Lamelo  Ball (CHA),40857512,Lamelo Ball Over 5.5,Lamelo Ball Under 5.5,1,2,239739539,239739540
Washington Wizards v Charlotte Hornets,Washington Wizards,Charlotte Hornets,Player Rebounds,Lamelo Ball,NA,6.5,3.5,1.26,BetRight,NA,Player Rebounds Over/Under 6.5 - Lamelo  Ball (CHA),40857513,Lamelo Ball Over 6.5,Lamelo Ball Under 6.5,1,2,239739541,239739542
Washington Wizards v Charlotte Hornets,Washington Wizards,Charlotte Hornets,Player Rebounds,Miles Bridges,Charlotte Hornets,4.5,1.22,3.9,BetRight,Washington Wizards,Player Rebounds Over/Under 4.5 - Miles Bridges (CHA),40857514,Miles Bridges Over 4.5,Miles Bridges Under 4.5,1,2,239739543,239739544
Washington Wizards v Charlotte Hornets,Washington Wizards,Charlotte Hornets,Player Rebounds,Miles Bridges,Charlotte Hornets,5.5,1.48,2.6,BetRight,Washington Wizards,Player Rebounds Over/Under 5.5 - Miles Bridges (CHA),40857515,Miles Bridges Over 5.5,Miles Bridges Under 5.5,1,2,239739545,239739546
Washington Wizards v Charlotte Hornets,Washington Wizards,Charlotte Hornets,Player Rebounds,Miles Bridges,Charlotte Hornets,6.5,1.88,1.88,BetRight,Washington Wizards,Player Rebounds Over/Under 6.5 - Miles Bridges (CHA),40857516,Miles Bridges Over 6.5,Miles Bridges Under 6.5,1,2,239739547,239739548
Washington Wizards v Charlotte Hornets,Washington Wizards,Charlotte Hornets,Player Rebounds,Miles Bridges,Charlotte Hornets,7.5,2.5,1.48,BetRight,Washington Wizards,Player Rebounds Over/Under 7.5 - Miles Bridges (CHA),40857518,Miles Bridges Over 7.5,Miles Bridges Under 7.5,1,2,239739554,239739555
Washington Wizards v Charlotte Hornets,Washington Wizards,Charlotte Hornets,Player Rebounds,Miles Bridges,Charlotte Hornets,8.5,3.6,1.26,BetRight,Washington Wizards,Player Rebounds Over/Under 8.5 - Miles Bridges (CHA),40857520,Miles Bridges Over 8.5,Miles Bridges Under 8.5,1,2,239739556,239739557
Washington Wizards v Charlotte Hornets,Washington Wizards,Charlotte Hornets,Player Rebounds,Josh Green,Charlotte Hornets,2.5,1.38,2.9,BetRight,Washington Wizards,Player Rebounds Over/Under 2.5 - Josh Green (CHA),40857521,Josh Green Over 2.5,Josh Green Under 2.5,1,2,239739563,239739564
Washington Wizards v Charlotte Hornets,Washington Wizards,Charlotte Hornets,Player Rebounds,Josh Green,Charlotte Hornets,3.5,1.96,1.8,BetRight,Washington Wizards,Player Rebounds Over/Under 3.5 - Josh Green (CHA),40857522,Josh Green Over 3.5,Josh Green Under 3.5,1,2,239739565,239739566
Washington Wizards v Charlotte Hornets,Washington Wizards,Charlotte Hornets,Player Rebounds,Josh Green,Charlotte Hornets,4.5,3,1.35,BetRight,Washington Wizards,Player Rebounds Over/Under 4.5 - Josh Green (CHA),40857523,Josh Green Over 4.5,Josh Green Under 4.5,1,2,239739568,239739569
Washington Wizards v Charlotte Hornets,Washington Wizards,Charlotte Hornets,Player Rebounds,Brandon Miller,Charlotte Hornets,3.5,1.21,4.2,BetRight,Washington Wizards,Player Rebounds Over/Under 3.5 - Brandon Miller (CHA),40857524,Brandon Miller Over 3.5,Brandon Miller Under 3.5,1,2,239739570,239739571
Washington Wizards v Charlotte Hornets,Washington Wizards,Charlotte Hornets,Player Rebounds,Brandon Miller,Charlotte Hornets,4.5,1.46,2.63,BetRight,Washington Wizards,Player Rebounds Over/Under 4.5 - Brandon Miller (CHA),40857528,Brandon Miller Over 4.5,Brandon Miller Under 4.5,1,2,239739581,239739582
Washington Wizards v Charlotte Hornets,Washington Wizards,Charlotte Hornets,Player Rebounds,Brandon Miller,Charlotte Hornets,5.5,1.92,1.83,BetRight,Washington Wizards,Player Rebounds Over/Under 5.5 - Brandon Miller (CHA),40857530,Brandon Miller Over 5.5,Brandon Miller Under 5.5,1,2,239739588,239739589
Washington Wizards v Charlotte Hornets,Washington Wizards,Charlotte Hornets,Player Rebounds,Brandon Miller,Charlotte Hornets,6.5,2.63,1.44,BetRight,Washington Wizards,Player Rebounds Over/Under 6.5 - Brandon Miller (CHA),40857531,Brandon Miller Over 6.5,Brandon Miller Under 6.5,1,2,239739590,239739591
Washington Wizards v Charlotte Hornets,Washington Wizards,Charlotte Hornets,Player Rebounds,Brandon Miller,Charlotte Hornets,7.5,4.1,1.22,BetRight,Washington Wizards,Player Rebounds Over/Under 7.5 - Brandon Miller (CHA),40857532,Brandon Miller Over 7.5,Brandon Miller Under 7.5,1,2,239739592,239739593
Washington Wizards v Charlotte Hornets,Washington Wizards,Charlotte Hornets,Player Rebounds,Carlton Carrington,Washington Wizards,2.5,1.29,3.4,BetRight,Charlotte Hornets,Player Rebounds Over/Under 2.5 - Carlton Carrington (WAS),40857796,Carlton Carrington Over 2.5,Carlton Carrington Under 2.5,1,2,239741700,239741701
Orlando Magic v Oklahoma City Thunder,Orlando Magic,Oklahoma City Thunder,Player Rebounds,Anthony Black,Orlando Magic,1.5,1.22,4,BetRight,Oklahoma City Thunder,Player Rebounds Over/Under 1.5 - Anthony Black (ORL),40856654,Anthony Black Over 1.5,Anthony Black Under 1.5,1,2,239736976,239736977
Orlando Magic v Oklahoma City Thunder,Orlando Magic,Oklahoma City Thunder,Player Rebounds,Anthony Black,Orlando Magic,2.5,1.7,2.1,BetRight,Oklahoma City Thunder,Player Rebounds Over/Under 2.5 - Anthony Black (ORL),40856655,Anthony Black Over 2.5,Anthony Black Under 2.5,1,2,239736978,239736979
Orlando Magic v Oklahoma City Thunder,Orlando Magic,Oklahoma City Thunder,Player Rebounds,Anthony Black,Orlando Magic,3.5,2.63,1.45,BetRight,Oklahoma City Thunder,Player Rebounds Over/Under 3.5 - Anthony Black (ORL),40856656,Anthony Black Over 3.5,Anthony Black Under 3.5,1,2,239736980,239736981
Orlando Magic v Oklahoma City Thunder,Orlando Magic,Oklahoma City Thunder,Player Rebounds,Tristan Da Silva,NA,2.5,1.26,3.5,BetRight,NA,Player Rebounds Over/Under 2.5 - Tristan Da Silva (ORL),40856657,Tristan Da Silva Over 2.5,Tristan Da Silva Under 2.5,1,2,239736982,239736983
Orlando Magic v Oklahoma City Thunder,Orlando Magic,Oklahoma City Thunder,Player Rebounds,Tristan Da Silva,NA,3.5,1.68,2.1,BetRight,NA,Player Rebounds Over/Under 3.5 - Tristan Da Silva (ORL),40856658,Tristan Da Silva Over 3.5,Tristan Da Silva Under 3.5,1,2,239736984,239736985
Orlando Magic v Oklahoma City Thunder,Orlando Magic,Oklahoma City Thunder,Player Rebounds,Tristan Da Silva,NA,4.5,2.4,1.5,BetRight,NA,Player Rebounds Over/Under 4.5 - Tristan Da Silva (ORL),40856659,Tristan Da Silva Over 4.5,Tristan Da Silva Under 4.5,1,2,239736986,239736987
Orlando Magic v Oklahoma City Thunder,Orlando Magic,Oklahoma City Thunder,Player Rebounds,Jonathan Isaac,Orlando Magic,3.5,1.44,2.63,BetRight,Oklahoma City Thunder,Player Rebounds Over/Under 3.5 - Jonathan Isaac (ORL),40856660,Jonathan Isaac Over 3.5,Jonathan Isaac Under 3.5,1,2,239736988,239736989
Orlando Magic v Oklahoma City Thunder,Orlando Magic,Oklahoma City Thunder,Player Rebounds,Jonathan Isaac,Orlando Magic,4.5,1.94,1.83,BetRight,Oklahoma City Thunder,Player Rebounds Over/Under 4.5 - Jonathan Isaac (ORL),40856661,Jonathan Isaac Over 4.5,Jonathan Isaac Under 4.5,1,2,239736990,239736991
Orlando Magic v Oklahoma City Thunder,Orlando Magic,Oklahoma City Thunder,Player Rebounds,Jonathan Isaac,Orlando Magic,5.5,2.8,1.4,BetRight,Oklahoma City Thunder,Player Rebounds Over/Under 5.5 - Jonathan Isaac (ORL),40856662,Jonathan Isaac Over 5.5,Jonathan Isaac Under 5.5,1,2,239736992,239736993
Orlando Magic v Oklahoma City Thunder,Orlando Magic,Oklahoma City Thunder,Player Rebounds,Jalen Suggs,Orlando Magic,2.5,1.21,4.2,BetRight,Oklahoma City Thunder,Player Rebounds Over/Under 2.5 - Jalen Suggs (ORL),40856663,Jalen Suggs Over 2.5,Jalen Suggs Under 2.5,1,2,239736994,239736995
Orlando Magic v Oklahoma City Thunder,Orlando Magic,Oklahoma City Thunder,Player Rebounds,Jalen Suggs,Orlando Magic,3.5,1.5,2.4,BetRight,Oklahoma City Thunder,Player Rebounds Over/Under 3.5 - Jalen Suggs (ORL),40856664,Jalen Suggs Over 3.5,Jalen Suggs Under 3.5,1,2,239736996,239736997
Orlando Magic v Oklahoma City Thunder,Orlando Magic,Oklahoma City Thunder,Player Rebounds,Jalen Suggs,Orlando Magic,4.5,2.05,1.7,BetRight,Oklahoma City Thunder,Player Rebounds Over/Under 4.5 - Jalen Suggs (ORL),40856665,Jalen Suggs Over 4.5,Jalen Suggs Under 4.5,1,2,239736998,239736999
Orlando Magic v Oklahoma City Thunder,Orlando Magic,Oklahoma City Thunder,Player Rebounds,Moritz Wagner,Orlando Magic,3.5,1.15,4.75,BetRight,Oklahoma City Thunder,Player Rebounds Over/Under 3.5 - Moritz Wagner (ORL),40856666,Moritz Wagner Over 3.5,Moritz Wagner Under 3.5,1,2,239737000,239737001
Orlando Magic v Oklahoma City Thunder,Orlando Magic,Oklahoma City Thunder,Player Rebounds,Moritz Wagner,Orlando Magic,4.5,1.36,3,BetRight,Oklahoma City Thunder,Player Rebounds Over/Under 4.5 - Moritz Wagner (ORL),40856667,Moritz Wagner Over 4.5,Moritz Wagner Under 4.5,1,2,239737002,239737003
Orlando Magic v Oklahoma City Thunder,Orlando Magic,Oklahoma City Thunder,Player Rebounds,Moritz Wagner,Orlando Magic,5.5,1.7,2.05,BetRight,Oklahoma City Thunder,Player Rebounds Over/Under 5.5 - Moritz Wagner (ORL),40856668,Moritz Wagner Over 5.5,Moritz Wagner Under 5.5,1,2,239737004,239737005
Orlando Magic v Oklahoma City Thunder,Orlando Magic,Oklahoma City Thunder,Player Rebounds,Moritz Wagner,Orlando Magic,6.5,2.3,1.57,BetRight,Oklahoma City Thunder,Player Rebounds Over/Under 6.5 - Moritz Wagner (ORL),40856669,Moritz Wagner Over 6.5,Moritz Wagner Under 6.5,1,2,239737006,239737007
Orlando Magic v Oklahoma City Thunder,Orlando Magic,Oklahoma City Thunder,Player Rebounds,Moritz Wagner,Orlando Magic,7.5,3.25,1.32,BetRight,Oklahoma City Thunder,Player Rebounds Over/Under 7.5 - Moritz Wagner (ORL),40856670,Moritz Wagner Over 7.5,Moritz Wagner Under 7.5,1,2,239737008,239737009
Orlando Magic v Oklahoma City Thunder,Orlando Magic,Oklahoma City Thunder,Player Rebounds,Alex Caruso,Oklahoma City Thunder,1.5,1.21,4.2,BetRight,Orlando Magic,Player Rebounds Over/Under 1.5 - Alex Caruso (OKC),40856671,Alex Caruso Over 1.5,Alex Caruso Under 1.5,1,2,239737010,239737011
Orlando Magic v Oklahoma City Thunder,Orlando Magic,Oklahoma City Thunder,Player Rebounds,Alex Caruso,Oklahoma City Thunder,2.5,1.62,2.2,BetRight,Orlando Magic,Player Rebounds Over/Under 2.5 - Alex Caruso (OKC),40856672,Alex Caruso Over 2.5,Alex Caruso Under 2.5,1,2,239737012,239737013
Orlando Magic v Oklahoma City Thunder,Orlando Magic,Oklahoma City Thunder,Player Rebounds,Alex Caruso,Oklahoma City Thunder,3.5,2.4,1.5,BetRight,Orlando Magic,Player Rebounds Over/Under 3.5 - Alex Caruso (OKC),40856673,Alex Caruso Over 3.5,Alex Caruso Under 3.5,1,2,239737014,239737015
Orlando Magic v Oklahoma City Thunder,Orlando Magic,Oklahoma City Thunder,Player Rebounds,Luguentz Dort,Oklahoma City Thunder,3.5,1.44,2.63,BetRight,Orlando Magic,Player Rebounds Over/Under 3.5 - Luguentz Dort (OKC),40856674,Luguentz Dort Over 3.5,Luguentz Dort Under 3.5,1,2,239737016,239737017
Orlando Magic v Oklahoma City Thunder,Orlando Magic,Oklahoma City Thunder,Player Rebounds,Luguentz Dort,Oklahoma City Thunder,4.5,1.96,1.8,BetRight,Orlando Magic,Player Rebounds Over/Under 4.5 - Luguentz Dort (OKC),40856675,Luguentz Dort Over 4.5,Luguentz Dort Under 4.5,1,2,239737018,239737019
Orlando Magic v Oklahoma City Thunder,Orlando Magic,Oklahoma City Thunder,Player Rebounds,Luguentz Dort,Oklahoma City Thunder,5.5,2.9,1.38,BetRight,Orlando Magic,Player Rebounds Over/Under 5.5 - Luguentz Dort (OKC),40856676,Luguentz Dort Over 5.5,Luguentz Dort Under 5.5,1,2,239737020,239737021
Orlando Magic v Oklahoma City Thunder,Orlando Magic,Oklahoma City Thunder,Player Rebounds,Shai Gilgeous-Alexander,Oklahoma City Thunder,2.5,1.09,7,BetRight,Orlando Magic,Player Rebounds Over/Under 2.5 - Shai Gilgeous-Alexander (OKC),40856677,Shai Gilgeous-Alexander Over 2.5,Shai Gilgeous-Alexander Under 2.5,1,2,239737022,239737023
Orlando Magic v Oklahoma City Thunder,Orlando Magic,Oklahoma City Thunder,Player Rebounds,Shai Gilgeous-Alexander,Oklahoma City Thunder,3.5,1.24,3.8,BetRight,Orlando Magic,Player Rebounds Over/Under 3.5 - Shai Gilgeous-Alexander (OKC),40856678,Shai Gilgeous-Alexander Over 3.5,Shai Gilgeous-Alexander Under 3.5,1,2,239737024,239737025
Orlando Magic v Oklahoma City Thunder,Orlando Magic,Oklahoma City Thunder,Player Rebounds,Shai Gilgeous-Alexander,Oklahoma City Thunder,4.5,1.55,2.3,BetRight,Orlando Magic,Player Rebounds Over/Under 4.5 - Shai Gilgeous-Alexander (OKC),40856679,Shai Gilgeous-Alexander Over 4.5,Shai Gilgeous-Alexander Under 4.5,1,2,239737026,239737027
Orlando Magic v Oklahoma City Thunder,Orlando Magic,Oklahoma City Thunder,Player Rebounds,Shai Gilgeous-Alexander,Oklahoma City Thunder,5.5,2.1,1.68,BetRight,Orlando Magic,Player Rebounds Over/Under 5.5 - Shai Gilgeous-Alexander (OKC),40856680,Shai Gilgeous-Alexander Over 5.5,Shai Gilgeous-Alexander Under 5.5,1,2,239737028,239737029
Orlando Magic v Oklahoma City Thunder,Orlando Magic,Oklahoma City Thunder,Player Rebounds,Shai Gilgeous-Alexander,Oklahoma City Thunder,6.5,3.1,1.35,BetRight,Orlando Magic,Player Rebounds Over/Under 6.5 - Shai Gilgeous-Alexander (OKC),40856681,Shai Gilgeous-Alexander Over 6.5,Shai Gilgeous-Alexander Under 6.5,1,2,239737030,239737031
Orlando Magic v Oklahoma City Thunder,Orlando Magic,Oklahoma City Thunder,Player Rebounds,Jalen Williams,Oklahoma City Thunder,3.5,1.17,4.75,BetRight,Orlando Magic,Player Rebounds Over/Under 3.5 - Jalen Williams (OKC),40856682,Jalen Williams Over 3.5,Jalen Williams Under 3.5,1,2,239737032,239737033
Orlando Magic v Oklahoma City Thunder,Orlando Magic,Oklahoma City Thunder,Player Rebounds,Jalen Williams,Oklahoma City Thunder,4.5,1.4,2.8,BetRight,Orlando Magic,Player Rebounds Over/Under 4.5 - Jalen Williams (OKC),40856683,Jalen Williams Over 4.5,Jalen Williams Under 4.5,1,2,239737034,239737035
Orlando Magic v Oklahoma City Thunder,Orlando Magic,Oklahoma City Thunder,Player Rebounds,Jalen Williams,Oklahoma City Thunder,5.5,1.83,1.92,BetRight,Orlando Magic,Player Rebounds Over/Under 5.5 - Jalen Williams (OKC),40856684,Jalen Williams Over 5.5,Jalen Williams Under 5.5,1,2,239737036,239737037
Orlando Magic v Oklahoma City Thunder,Orlando Magic,Oklahoma City Thunder,Player Rebounds,Jalen Williams,Oklahoma City Thunder,6.5,2.5,1.48,BetRight,Orlando Magic,Player Rebounds Over/Under 6.5 - Jalen Williams (OKC),40856685,Jalen Williams Over 6.5,Jalen Williams Under 6.5,1,2,239737038,239737039
Orlando Magic v Oklahoma City Thunder,Orlando Magic,Oklahoma City Thunder,Player Rebounds,Cason Wallace,Oklahoma City Thunder,2.5,1.33,3.1,BetRight,Orlando Magic,Player Rebounds Over/Under 2.5 - Cason Wallace (OKC),40856890,Cason Wallace Over 2.5,Cason Wallace Under 2.5,1,2,239737535,239737536
Orlando Magic v Oklahoma City Thunder,Orlando Magic,Oklahoma City Thunder,Player Rebounds,Cason Wallace,Oklahoma City Thunder,3.5,1.8,1.96,BetRight,Orlando Magic,Player Rebounds Over/Under 3.5 - Cason Wallace (OKC),40856891,Cason Wallace Over 3.5,Cason Wallace Under 3.5,1,2,239737537,239737538
Orlando Magic v Oklahoma City Thunder,Orlando Magic,Oklahoma City Thunder,Player Rebounds,Cason Wallace,Oklahoma City Thunder,4.5,2.75,1.42,BetRight,Orlando Magic,Player Rebounds Over/Under 4.5 - Cason Wallace (OKC),40856892,Cason Wallace Over 4.5,Cason Wallace Under 4.5,1,2,239737539,239737540
Orlando Magic v Oklahoma City Thunder,Orlando Magic,Oklahoma City Thunder,Player Rebounds,Jalen Williams,Oklahoma City Thunder,7.5,3.8,1.25,BetRight,Orlando Magic,Player Rebounds Over/Under 7.5 - Jalen Williams (OKC),40857397,Jalen Williams Over 7.5,Jalen Williams Under 7.5,1,2,239738960,239738961
Detroit Pistons v Utah Jazz,Detroit Pistons,Utah Jazz,Player Rebounds,Malik Beasley,Detroit Pistons,1.5,1.17,4.75,BetRight,Utah Jazz,Player Rebounds Over/Under 1.5 - Malik Beasley (DET),40856764,Malik Beasley Over 1.5,Malik Beasley Under 1.5,1,2,239737198,239737199
Detroit Pistons v Utah Jazz,Detroit Pistons,Utah Jazz,Player Rebounds,Malik Beasley,Detroit Pistons,2.5,1.5,2.5,BetRight,Utah Jazz,Player Rebounds Over/Under 2.5 - Malik Beasley (DET),40856765,Malik Beasley Over 2.5,Malik Beasley Under 2.5,1,2,239737200,239737201
Detroit Pistons v Utah Jazz,Detroit Pistons,Utah Jazz,Player Rebounds,Malik Beasley,Detroit Pistons,3.5,2.25,1.62,BetRight,Utah Jazz,Player Rebounds Over/Under 3.5 - Malik Beasley (DET),40856766,Malik Beasley Over 3.5,Malik Beasley Under 3.5,1,2,239737203,239737204
Detroit Pistons v Utah Jazz,Detroit Pistons,Utah Jazz,Player Rebounds,Cade Cunningham,Detroit Pistons,4.5,1.22,3.9,BetRight,Utah Jazz,Player Rebounds Over/Under 4.5 - Cade Cunningham (DET),40856767,Cade Cunningham Over 4.5,Cade Cunningham Under 4.5,1,2,239737205,239737206
Detroit Pistons v Utah Jazz,Detroit Pistons,Utah Jazz,Player Rebounds,Cade Cunningham,Detroit Pistons,5.5,1.5,2.5,BetRight,Utah Jazz,Player Rebounds Over/Under 5.5 - Cade Cunningham (DET),40856768,Cade Cunningham Over 5.5,Cade Cunningham Under 5.5,1,2,239737207,239737208
Detroit Pistons v Utah Jazz,Detroit Pistons,Utah Jazz,Player Rebounds,Cade Cunningham,Detroit Pistons,6.5,1.95,1.82,BetRight,Utah Jazz,Player Rebounds Over/Under 6.5 - Cade Cunningham (DET),40856769,Cade Cunningham Over 6.5,Cade Cunningham Under 6.5,1,2,239737209,239737210
Detroit Pistons v Utah Jazz,Detroit Pistons,Utah Jazz,Player Rebounds,Cade Cunningham,Detroit Pistons,7.5,2.63,1.44,BetRight,Utah Jazz,Player Rebounds Over/Under 7.5 - Cade Cunningham (DET),40856770,Cade Cunningham Over 7.5,Cade Cunningham Under 7.5,1,2,239737211,239737212
Detroit Pistons v Utah Jazz,Detroit Pistons,Utah Jazz,Player Rebounds,Cade Cunningham,Detroit Pistons,8.5,3.9,1.22,BetRight,Utah Jazz,Player Rebounds Over/Under 8.5 - Cade Cunningham (DET),40856771,Cade Cunningham Over 8.5,Cade Cunningham Under 8.5,1,2,239737213,239737214
Detroit Pistons v Utah Jazz,Detroit Pistons,Utah Jazz,Player Rebounds,Tim Hardaway Jr.,Detroit Pistons,1.5,1.33,3.1,BetRight,Utah Jazz,Player Rebounds Over/Under 1.5 - Tim Hardaway Jr. (DET),40856772,Tim Hardaway Jr. Over 1.5,Tim Hardaway Jr. Under 1.5,1,2,239737215,239737216
Detroit Pistons v Utah Jazz,Detroit Pistons,Utah Jazz,Player Rebounds,Tim Hardaway Jr.,Detroit Pistons,2.5,2,1.75,BetRight,Utah Jazz,Player Rebounds Over/Under 2.5 - Tim Hardaway Jr. (DET),40856773,Tim Hardaway Jr. Over 2.5,Tim Hardaway Jr. Under 2.5,1,2,239737217,239737218
Detroit Pistons v Utah Jazz,Detroit Pistons,Utah Jazz,Player Rebounds,Tim Hardaway Jr.,Detroit Pistons,3.5,3.5,1.26,BetRight,Utah Jazz,Player Rebounds Over/Under 3.5 - Tim Hardaway Jr. (DET),40856774,Tim Hardaway Jr. Over 3.5,Tim Hardaway Jr. Under 3.5,1,2,239737219,239737220
Detroit Pistons v Utah Jazz,Detroit Pistons,Utah Jazz,Player Rebounds,Tobias Harris,Detroit Pistons,3.5,1.13,5.5,BetRight,Utah Jazz,Player Rebounds Over/Under 3.5 - Tobias Harris (DET),40856775,Tobias Harris Over 3.5,Tobias Harris Under 3.5,1,2,239737221,239737222
Detroit Pistons v Utah Jazz,Detroit Pistons,Utah Jazz,Player Rebounds,Tobias Harris,Detroit Pistons,5.5,1.65,2.15,BetRight,Utah Jazz,Player Rebounds Over/Under 5.5 - Tobias Harris (DET),40856776,Tobias Harris Over 5.5,Tobias Harris Under 5.5,1,2,239737223,239737224
Detroit Pistons v Utah Jazz,Detroit Pistons,Utah Jazz,Player Rebounds,Tobias Harris,Detroit Pistons,6.5,2.2,1.62,BetRight,Utah Jazz,Player Rebounds Over/Under 6.5 - Tobias Harris (DET),40856777,Tobias Harris Over 6.5,Tobias Harris Under 6.5,1,2,239737225,239737226
Detroit Pistons v Utah Jazz,Detroit Pistons,Utah Jazz,Player Rebounds,Tobias Harris,Detroit Pistons,7.5,3.2,1.32,BetRight,Utah Jazz,Player Rebounds Over/Under 7.5 - Tobias Harris (DET),40856778,Tobias Harris Over 7.5,Tobias Harris Under 7.5,1,2,239737227,239737228
Detroit Pistons v Utah Jazz,Detroit Pistons,Utah Jazz,Player Rebounds,Jordan Clarkson,Utah Jazz,1.5,1.17,4.75,BetRight,Detroit Pistons,Player Rebounds Over/Under 1.5 - Jordan Clarkson (UTA),40856782,Jordan Clarkson Over 1.5,Jordan Clarkson Under 1.5,1,2,239737235,239737236
Detroit Pistons v Utah Jazz,Detroit Pistons,Utah Jazz,Player Rebounds,Jordan Clarkson,Utah Jazz,2.5,1.5,2.4,BetRight,Detroit Pistons,Player Rebounds Over/Under 2.5 - Jordan Clarkson (UTA),40856783,Jordan Clarkson Over 2.5,Jordan Clarkson Under 2.5,1,2,239737237,239737238
Detroit Pistons v Utah Jazz,Detroit Pistons,Utah Jazz,Player Rebounds,Jordan Clarkson,Utah Jazz,3.5,2.2,1.62,BetRight,Detroit Pistons,Player Rebounds Over/Under 3.5 - Jordan Clarkson (UTA),40856784,Jordan Clarkson Over 3.5,Jordan Clarkson Under 3.5,1,2,239737239,239737240
Detroit Pistons v Utah Jazz,Detroit Pistons,Utah Jazz,Player Rebounds,John Collins,Utah Jazz,5.5,1.15,4.75,BetRight,Detroit Pistons,Player Rebounds Over/Under 5.5 - John Collins (UTA),40856785,John Collins Over 5.5,John Collins Under 5.5,1,2,239737241,239737242
Detroit Pistons v Utah Jazz,Detroit Pistons,Utah Jazz,Player Rebounds,John Collins,Utah Jazz,6.5,1.33,3.2,BetRight,Detroit Pistons,Player Rebounds Over/Under 6.5 - John Collins (UTA),40856786,John Collins Over 6.5,John Collins Under 6.5,1,2,239737243,239737244
Detroit Pistons v Utah Jazz,Detroit Pistons,Utah Jazz,Player Rebounds,John Collins,Utah Jazz,7.5,1.57,2.3,BetRight,Detroit Pistons,Player Rebounds Over/Under 7.5 - John Collins (UTA),40856787,John Collins Over 7.5,John Collins Under 7.5,1,2,239737245,239737246
Detroit Pistons v Utah Jazz,Detroit Pistons,Utah Jazz,Player Rebounds,John Collins,Utah Jazz,8.5,2,1.75,BetRight,Detroit Pistons,Player Rebounds Over/Under 8.5 - John Collins (UTA),40856788,John Collins Over 8.5,John Collins Under 8.5,1,2,239737247,239737248
Detroit Pistons v Utah Jazz,Detroit Pistons,Utah Jazz,Player Rebounds,John Collins,Utah Jazz,9.5,2.63,1.45,BetRight,Detroit Pistons,Player Rebounds Over/Under 9.5 - John Collins (UTA),40856789,John Collins Over 9.5,John Collins Under 9.5,1,2,239737249,239737250
Detroit Pistons v Utah Jazz,Detroit Pistons,Utah Jazz,Player Rebounds,Keyonte George,Utah Jazz,1.5,1.18,4.33,BetRight,Detroit Pistons,Player Rebounds Over/Under 1.5 - Keyonte George (UTA),40856790,Keyonte George Over 1.5,Keyonte George Under 1.5,1,2,239737251,239737252
Detroit Pistons v Utah Jazz,Detroit Pistons,Utah Jazz,Player Rebounds,Keyonte George,Utah Jazz,2.5,1.57,2.3,BetRight,Detroit Pistons,Player Rebounds Over/Under 2.5 - Keyonte George (UTA),40856791,Keyonte George Over 2.5,Keyonte George Under 2.5,1,2,239737253,239737254
Detroit Pistons v Utah Jazz,Detroit Pistons,Utah Jazz,Player Rebounds,Keyonte George,Utah Jazz,3.5,2.38,1.55,BetRight,Detroit Pistons,Player Rebounds Over/Under 3.5 - Keyonte George (UTA),40856792,Keyonte George Over 3.5,Keyonte George Under 3.5,1,2,239737255,239737256
Detroit Pistons v Utah Jazz,Detroit Pistons,Utah Jazz,Player Rebounds,Johnny Juzang,Utah Jazz,1.5,1.32,3.2,BetRight,Detroit Pistons,Player Rebounds Over/Under 1.5 - Johnny Juzang (UTA),40856793,Johnny Juzang Over 1.5,Johnny Juzang Under 1.5,1,2,239737257,239737258
Detroit Pistons v Utah Jazz,Detroit Pistons,Utah Jazz,Player Rebounds,Johnny Juzang,Utah Jazz,2.5,1.95,1.82,BetRight,Detroit Pistons,Player Rebounds Over/Under 2.5 - Johnny Juzang (UTA),40856794,Johnny Juzang Over 2.5,Johnny Juzang Under 2.5,1,2,239737259,239737260
Detroit Pistons v Utah Jazz,Detroit Pistons,Utah Jazz,Player Rebounds,Johnny Juzang,Utah Jazz,3.5,3.3,1.3,BetRight,Detroit Pistons,Player Rebounds Over/Under 3.5 - Johnny Juzang (UTA),40856795,Johnny Juzang Over 3.5,Johnny Juzang Under 3.5,1,2,239737261,239737262
Detroit Pistons v Utah Jazz,Detroit Pistons,Utah Jazz,Player Rebounds,Lauri Markkanen,Utah Jazz,3.5,1.11,6,BetRight,Detroit Pistons,Player Rebounds Over/Under 3.5 - Lauri Elias Markkanen (UTA),40856796,Lauri Elias Markkanen Over 3.5,Lauri Elias Markkanen Under 3.5,1,2,239737263,239737264
Detroit Pistons v Utah Jazz,Detroit Pistons,Utah Jazz,Player Rebounds,Lauri Markkanen,Utah Jazz,4.5,1.26,3.5,BetRight,Detroit Pistons,Player Rebounds Over/Under 4.5 - Lauri Elias Markkanen (UTA),40856797,Lauri Elias Markkanen Over 4.5,Lauri Elias Markkanen Under 4.5,1,2,239737265,239737266
Detroit Pistons v Utah Jazz,Detroit Pistons,Utah Jazz,Player Rebounds,Lauri Markkanen,Utah Jazz,5.5,1.55,2.4,BetRight,Detroit Pistons,Player Rebounds Over/Under 5.5 - Lauri Elias Markkanen (UTA),40856798,Lauri Elias Markkanen Over 5.5,Lauri Elias Markkanen Under 5.5,1,2,239737267,239737268
Detroit Pistons v Utah Jazz,Detroit Pistons,Utah Jazz,Player Rebounds,Lauri Markkanen,Utah Jazz,6.5,2,1.75,BetRight,Detroit Pistons,Player Rebounds Over/Under 6.5 - Lauri Elias Markkanen (UTA),40856799,Lauri Elias Markkanen Over 6.5,Lauri Elias Markkanen Under 6.5,1,2,239737269,239737270
Detroit Pistons v Utah Jazz,Detroit Pistons,Utah Jazz,Player Rebounds,Lauri Markkanen,Utah Jazz,7.5,2.8,1.42,BetRight,Detroit Pistons,Player Rebounds Over/Under 7.5 - Lauri Elias Markkanen (UTA),40856800,Lauri Elias Markkanen Over 7.5,Lauri Elias Markkanen Under 7.5,1,2,239737271,239737272
Detroit Pistons v Utah Jazz,Detroit Pistons,Utah Jazz,Player Rebounds,Brice Sensabaugh,Utah Jazz,1.5,1.3,3.3,BetRight,Detroit Pistons,Player Rebounds Over/Under 1.5 - Brice Sensabaugh (UTA),40856801,Brice Sensabaugh Over 1.5,Brice Sensabaugh Under 1.5,1,2,239737273,239737274
Detroit Pistons v Utah Jazz,Detroit Pistons,Utah Jazz,Player Rebounds,Brice Sensabaugh,Utah Jazz,2.5,1.91,1.86,BetRight,Detroit Pistons,Player Rebounds Over/Under 2.5 - Brice Sensabaugh (UTA),40856802,Brice Sensabaugh Over 2.5,Brice Sensabaugh Under 2.5,1,2,239737275,239737276
Detroit Pistons v Utah Jazz,Detroit Pistons,Utah Jazz,Player Rebounds,Brice Sensabaugh,Utah Jazz,3.5,3.2,1.33,BetRight,Detroit Pistons,Player Rebounds Over/Under 3.5 - Brice Sensabaugh (UTA),40856803,Brice Sensabaugh Over 3.5,Brice Sensabaugh Under 3.5,1,2,239737277,239737278
Detroit Pistons v Utah Jazz,Detroit Pistons,Utah Jazz,Player Rebounds,Tobias Harris,Detroit Pistons,4.5,1.3,3.3,BetRight,Utah Jazz,Player Rebounds Over/Under 4.5 - Tobias Harris (DET),40856825,Tobias Harris Over 4.5,Tobias Harris Under 4.5,1,2,239737343,239737344
Detroit Pistons v Utah Jazz,Detroit Pistons,Utah Jazz,Player Rebounds,Ron Holland II,NA,2.5,1.3,3.3,BetRight,NA,Player Rebounds Over/Under 2.5 - Ron Holland II (DET),40858195,Ron Holland II Over 2.5,Ron Holland II Under 2.5,1,2,239743933,239743934
Detroit Pistons v Utah Jazz,Detroit Pistons,Utah Jazz,Player Rebounds,Ron Holland II,NA,3.5,1.73,2.05,BetRight,NA,Player Rebounds Over/Under 3.5 - Ron Holland II (DET),40858197,Ron Holland II Over 3.5,Ron Holland II Under 3.5,1,2,239743937,239743938
Detroit Pistons v Utah Jazz,Detroit Pistons,Utah Jazz,Player Rebounds,Ron Holland II,NA,4.5,2.63,1.46,BetRight,NA,Player Rebounds Over/Under 4.5 - Ron Holland II (DET),40858199,Ron Holland II Over 4.5,Ron Holland II Under 4.5,1,2,239743941,239743942
Toronto Raptors v Brooklyn Nets,Toronto Raptors,Brooklyn Nets,Player Rebounds,Scottie Barnes,Toronto Raptors,5.5,1.22,4,BetRight,Brooklyn Nets,Player Rebounds Over/Under 5.5 - Scottie Barnes (TOR),40857032,Scottie Barnes Over 5.5,Scottie Barnes Under 5.5,1,2,239737924,239737925
Toronto Raptors v Brooklyn Nets,Toronto Raptors,Brooklyn Nets,Player Rebounds,Scottie Barnes,Toronto Raptors,6.5,1.42,2.63,BetRight,Brooklyn Nets,Player Rebounds Over/Under 6.5 - Scottie Barnes (TOR),40857033,Scottie Barnes Over 6.5,Scottie Barnes Under 6.5,1,2,239737926,239737927
Toronto Raptors v Brooklyn Nets,Toronto Raptors,Brooklyn Nets,Player Rebounds,Scottie Barnes,Toronto Raptors,7.5,1.78,2,BetRight,Brooklyn Nets,Player Rebounds Over/Under 7.5 - Scottie Barnes (TOR),40857034,Scottie Barnes Over 7.5,Scottie Barnes Under 7.5,1,2,239737928,239737929
Toronto Raptors v Brooklyn Nets,Toronto Raptors,Brooklyn Nets,Player Rebounds,Scottie Barnes,Toronto Raptors,8.5,2.3,1.57,BetRight,Brooklyn Nets,Player Rebounds Over/Under 8.5 - Scottie Barnes (TOR),40857035,Scottie Barnes Over 8.5,Scottie Barnes Under 8.5,1,2,239737930,239737931
Toronto Raptors v Brooklyn Nets,Toronto Raptors,Brooklyn Nets,Player Rebounds,Scottie Barnes,Toronto Raptors,9.5,3.25,1.32,BetRight,Brooklyn Nets,Player Rebounds Over/Under 9.5 - Scottie Barnes (TOR),40857036,Scottie Barnes Over 9.5,Scottie Barnes Under 9.5,1,2,239737932,239737933
Toronto Raptors v Brooklyn Nets,Toronto Raptors,Brooklyn Nets,Player Rebounds,Ochai Agbaji,Toronto Raptors,2.5,1.29,3.4,BetRight,Brooklyn Nets,Player Rebounds Over/Under 2.5 - Ochai Agbaji (TOR),40857200,Ochai Agbaji Over 2.5,Ochai Agbaji Under 2.5,1,2,239738345,239738346
Toronto Raptors v Brooklyn Nets,Toronto Raptors,Brooklyn Nets,Player Rebounds,Ochai Agbaji,Toronto Raptors,3.5,1.7,2.05,BetRight,Brooklyn Nets,Player Rebounds Over/Under 3.5 - Ochai Agbaji (TOR),40857201,Ochai Agbaji Over 3.5,Ochai Agbaji Under 3.5,1,2,239738347,239738348
Toronto Raptors v Brooklyn Nets,Toronto Raptors,Brooklyn Nets,Player Rebounds,Ochai Agbaji,Toronto Raptors,4.5,2.5,1.48,BetRight,Brooklyn Nets,Player Rebounds Over/Under 4.5 - Ochai Agbaji (TOR),40857202,Ochai Agbaji Over 4.5,Ochai Agbaji Under 4.5,1,2,239738349,239738350
Toronto Raptors v Brooklyn Nets,Toronto Raptors,Brooklyn Nets,Player Rebounds,RJ Barrett,Toronto Raptors,4.5,1.14,5.25,BetRight,Brooklyn Nets,Player Rebounds Over/Under 4.5 - R.J. Barrett (TOR),40857203,R.J. Barrett Over 4.5,R.J. Barrett Under 4.5,1,2,239738351,239738352
Toronto Raptors v Brooklyn Nets,Toronto Raptors,Brooklyn Nets,Player Rebounds,RJ Barrett,Toronto Raptors,5.5,1.3,3.3,BetRight,Brooklyn Nets,Player Rebounds Over/Under 5.5 - R.J. Barrett (TOR),40857204,R.J. Barrett Over 5.5,R.J. Barrett Under 5.5,1,2,239738353,239738354
Toronto Raptors v Brooklyn Nets,Toronto Raptors,Brooklyn Nets,Player Rebounds,RJ Barrett,Toronto Raptors,6.5,1.57,2.3,BetRight,Brooklyn Nets,Player Rebounds Over/Under 6.5 - R.J. Barrett (TOR),40857205,R.J. Barrett Over 6.5,R.J. Barrett Under 6.5,1,2,239738355,239738356
Toronto Raptors v Brooklyn Nets,Toronto Raptors,Brooklyn Nets,Player Rebounds,RJ Barrett,Toronto Raptors,7.5,2.05,1.73,BetRight,Brooklyn Nets,Player Rebounds Over/Under 7.5 - R.J. Barrett (TOR),40857206,R.J. Barrett Over 7.5,R.J. Barrett Under 7.5,1,2,239738357,239738358
Toronto Raptors v Brooklyn Nets,Toronto Raptors,Brooklyn Nets,Player Rebounds,RJ Barrett,Toronto Raptors,8.5,2.8,1.42,BetRight,Brooklyn Nets,Player Rebounds Over/Under 8.5 - R.J. Barrett (TOR),40857207,R.J. Barrett Over 8.5,R.J. Barrett Under 8.5,1,2,239738359,239738360
Toronto Raptors v Brooklyn Nets,Toronto Raptors,Brooklyn Nets,Player Rebounds,Gradey Dick,Toronto Raptors,2.5,1.33,3.1,BetRight,Brooklyn Nets,Player Rebounds Over/Under 2.5 - Gradey Dick (TOR),40857208,Gradey Dick Over 2.5,Gradey Dick Under 2.5,1,2,239738361,239738362
Toronto Raptors v Brooklyn Nets,Toronto Raptors,Brooklyn Nets,Player Rebounds,Gradey Dick,Toronto Raptors,3.5,1.83,1.92,BetRight,Brooklyn Nets,Player Rebounds Over/Under 3.5 - Gradey Dick (TOR),40857209,Gradey Dick Over 3.5,Gradey Dick Under 3.5,1,2,239738363,239738364
Toronto Raptors v Brooklyn Nets,Toronto Raptors,Brooklyn Nets,Player Rebounds,Gradey Dick,Toronto Raptors,4.5,2.8,1.42,BetRight,Brooklyn Nets,Player Rebounds Over/Under 4.5 - Gradey Dick (TOR),40857210,Gradey Dick Over 4.5,Gradey Dick Under 4.5,1,2,239738365,239738366
Toronto Raptors v Brooklyn Nets,Toronto Raptors,Brooklyn Nets,Player Rebounds,Noah Clowney,Brooklyn Nets,2.5,1.3,3.3,BetRight,Toronto Raptors,Player Rebounds Over/Under 2.5 - Noah Clowney (BKN),40857211,Noah Clowney Over 2.5,Noah Clowney Under 2.5,1,2,239738367,239738368
Toronto Raptors v Brooklyn Nets,Toronto Raptors,Brooklyn Nets,Player Rebounds,Noah Clowney,Brooklyn Nets,3.5,1.75,2,BetRight,Toronto Raptors,Player Rebounds Over/Under 3.5 - Noah Clowney (BKN),40857212,Noah Clowney Over 3.5,Noah Clowney Under 3.5,1,2,239738369,239738370
Toronto Raptors v Brooklyn Nets,Toronto Raptors,Brooklyn Nets,Player Rebounds,Dorian Finney-Smith,Brooklyn Nets,2.5,1.18,4.5,BetRight,Toronto Raptors,Player Rebounds Over/Under 2.5 - Dorian Finney-Smith (BKN),40857213,Dorian Finney-Smith Over 2.5,Dorian Finney-Smith Under 2.5,1,2,239738371,239738372
Toronto Raptors v Brooklyn Nets,Toronto Raptors,Brooklyn Nets,Player Rebounds,Dorian Finney-Smith,Brooklyn Nets,3.5,1.48,2.5,BetRight,Toronto Raptors,Player Rebounds Over/Under 3.5 - Dorian Finney-Smith (BKN),40857214,Dorian Finney-Smith Over 3.5,Dorian Finney-Smith Under 3.5,1,2,239738373,239738374
Toronto Raptors v Brooklyn Nets,Toronto Raptors,Brooklyn Nets,Player Rebounds,Dorian Finney-Smith,Brooklyn Nets,4.5,2,1.75,BetRight,Toronto Raptors,Player Rebounds Over/Under 4.5 - Dorian Finney-Smith (BKN),40857215,Dorian Finney-Smith Over 4.5,Dorian Finney-Smith Under 4.5,1,2,239738375,239738376
Toronto Raptors v Brooklyn Nets,Toronto Raptors,Brooklyn Nets,Player Rebounds,Cameron Johnson,Brooklyn Nets,2.5,1.2,4.33,BetRight,Toronto Raptors,Player Rebounds Over/Under 2.5 - Cameron Johnson (BKN),40857216,Cameron Johnson Over 2.5,Cameron Johnson Under 2.5,1,2,239738377,239738378
Toronto Raptors v Brooklyn Nets,Toronto Raptors,Brooklyn Nets,Player Rebounds,Cameron Johnson,Brooklyn Nets,3.5,1.5,2.4,BetRight,Toronto Raptors,Player Rebounds Over/Under 3.5 - Cameron Johnson (BKN),40857217,Cameron Johnson Over 3.5,Cameron Johnson Under 3.5,1,2,239738379,239738380
Toronto Raptors v Brooklyn Nets,Toronto Raptors,Brooklyn Nets,Player Rebounds,Cameron Johnson,Brooklyn Nets,4.5,2.1,1.7,BetRight,Toronto Raptors,Player Rebounds Over/Under 4.5 - Cameron Johnson (BKN),40857218,Cameron Johnson Over 4.5,Cameron Johnson Under 4.5,1,2,239738381,239738382
Toronto Raptors v Brooklyn Nets,Toronto Raptors,Brooklyn Nets,Player Rebounds,Keon Johnson,Brooklyn Nets,1.5,1.15,4.75,BetRight,Toronto Raptors,Player Rebounds Over/Under 1.5 - Keon Johnson (BKN),40857219,Keon Johnson Over 1.5,Keon Johnson Under 1.5,1,2,239738383,239738384
Toronto Raptors v Brooklyn Nets,Toronto Raptors,Brooklyn Nets,Player Rebounds,Keon Johnson,Brooklyn Nets,2.5,1.5,2.5,BetRight,Toronto Raptors,Player Rebounds Over/Under 2.5 - Keon Johnson (BKN),40857220,Keon Johnson Over 2.5,Keon Johnson Under 2.5,1,2,239738385,239738386
Toronto Raptors v Brooklyn Nets,Toronto Raptors,Brooklyn Nets,Player Rebounds,Keon Johnson,Brooklyn Nets,3.5,2.2,1.62,BetRight,Toronto Raptors,Player Rebounds Over/Under 3.5 - Keon Johnson (BKN),40857221,Keon Johnson Over 3.5,Keon Johnson Under 3.5,1,2,239738387,239738388
Toronto Raptors v Brooklyn Nets,Toronto Raptors,Brooklyn Nets,Player Rebounds,Jalen Wilson,Brooklyn Nets,2.5,1.33,3.2,BetRight,Toronto Raptors,Player Rebounds Over/Under 2.5 - Jalen Wilson (BKN),40857222,Jalen Wilson Over 2.5,Jalen Wilson Under 2.5,1,2,239738389,239738390
Toronto Raptors v Brooklyn Nets,Toronto Raptors,Brooklyn Nets,Player Rebounds,Jalen Wilson,Brooklyn Nets,3.5,1.8,1.96,BetRight,Toronto Raptors,Player Rebounds Over/Under 3.5 - Jalen Wilson (BKN),40857223,Jalen Wilson Over 3.5,Jalen Wilson Under 3.5,1,2,239738391,239738392
Toronto Raptors v Brooklyn Nets,Toronto Raptors,Brooklyn Nets,Player Rebounds,Jalen Wilson,Brooklyn Nets,4.5,2.63,1.42,BetRight,Toronto Raptors,Player Rebounds Over/Under 4.5 - Jalen Wilson (BKN),40857224,Jalen Wilson Over 4.5,Jalen Wilson Under 4.5,1,2,239738393,239738394
Toronto Raptors v Brooklyn Nets,Toronto Raptors,Brooklyn Nets,Player Rebounds,Noah Clowney,Brooklyn Nets,4.5,2.63,1.46,BetRight,Toronto Raptors,Player Rebounds Over/Under 4.5 - Noah Clowney (BKN),40857620,Noah Clowney Over 4.5,Noah Clowney Under 4.5,1,2,239739849,239739850
Boston Celtics v Chicago Bulls,Boston Celtics,Chicago Bulls,Player Rebounds,Jaylen Brown,Boston Celtics,3.5,1.17,4.75,BetRight,Chicago Bulls,Player Rebounds Over/Under 3.5 - Jaylen Brown (BOS),40857356,Jaylen Brown Over 3.5,Jaylen Brown Under 3.5,1,2,239738878,239738879
Boston Celtics v Chicago Bulls,Boston Celtics,Chicago Bulls,Player Rebounds,Jaylen Brown,Boston Celtics,4.5,1.38,2.9,BetRight,Chicago Bulls,Player Rebounds Over/Under 4.5 - Jaylen Brown (BOS),40857357,Jaylen Brown Over 4.5,Jaylen Brown Under 4.5,1,2,239738880,239738881
Boston Celtics v Chicago Bulls,Boston Celtics,Chicago Bulls,Player Rebounds,Jaylen Brown,Boston Celtics,5.5,1.75,2,BetRight,Chicago Bulls,Player Rebounds Over/Under 5.5 - Jaylen Brown (BOS),40857358,Jaylen Brown Over 5.5,Jaylen Brown Under 5.5,1,2,239738882,239738883
Boston Celtics v Chicago Bulls,Boston Celtics,Chicago Bulls,Player Rebounds,Jaylen Brown,Boston Celtics,6.5,2.4,1.53,BetRight,Chicago Bulls,Player Rebounds Over/Under 6.5 - Jaylen Brown (BOS),40857359,Jaylen Brown Over 6.5,Jaylen Brown Under 6.5,1,2,239738884,239738885
Boston Celtics v Chicago Bulls,Boston Celtics,Chicago Bulls,Player Rebounds,Jaylen Brown,Boston Celtics,7.5,3.5,1.26,BetRight,Chicago Bulls,Player Rebounds Over/Under 7.5 - Jaylen Brown (BOS),40857360,Jaylen Brown Over 7.5,Jaylen Brown Under 7.5,1,2,239738886,239738887
Boston Celtics v Chicago Bulls,Boston Celtics,Chicago Bulls,Player Rebounds,Jrue Holiday,Boston Celtics,2.5,1.21,4.2,BetRight,Chicago Bulls,Player Rebounds Over/Under 2.5 - Jrue Holiday (BOS),40857361,Jrue Holiday Over 2.5,Jrue Holiday Under 2.5,1,2,239738888,239738889
Boston Celtics v Chicago Bulls,Boston Celtics,Chicago Bulls,Player Rebounds,Jrue Holiday,Boston Celtics,3.5,1.5,2.4,BetRight,Chicago Bulls,Player Rebounds Over/Under 3.5 - Jrue Holiday (BOS),40857362,Jrue Holiday Over 3.5,Jrue Holiday Under 3.5,1,2,239738890,239738891
Boston Celtics v Chicago Bulls,Boston Celtics,Chicago Bulls,Player Rebounds,Jrue Holiday,Boston Celtics,4.5,2.1,1.68,BetRight,Chicago Bulls,Player Rebounds Over/Under 4.5 - Jrue Holiday (BOS),40857363,Jrue Holiday Over 4.5,Jrue Holiday Under 4.5,1,2,239738892,239738893
Boston Celtics v Chicago Bulls,Boston Celtics,Chicago Bulls,Player Rebounds,Kristaps Porzingis,NA,5.5,1.22,3.9,BetRight,NA,Player Rebounds Over/Under 5.5 - Kristaps Porzingis (BOS),40857364,Kristaps Porzingis Over 5.5,Kristaps Porzingis Under 5.5,1,2,239738894,239738895
Boston Celtics v Chicago Bulls,Boston Celtics,Chicago Bulls,Player Rebounds,Kristaps Porzingis,NA,6.5,1.42,2.75,BetRight,NA,Player Rebounds Over/Under 6.5 - Kristaps Porzingis (BOS),40857366,Kristaps Porzingis Over 6.5,Kristaps Porzingis Under 6.5,1,2,239738898,239738899
Boston Celtics v Chicago Bulls,Boston Celtics,Chicago Bulls,Player Rebounds,Kristaps Porzingis,NA,7.5,1.75,2,BetRight,NA,Player Rebounds Over/Under 7.5 - Kristaps Porzingis (BOS),40857368,Kristaps Porzingis Over 7.5,Kristaps Porzingis Under 7.5,1,2,239738902,239738903
Boston Celtics v Chicago Bulls,Boston Celtics,Chicago Bulls,Player Rebounds,Kristaps Porzingis,NA,8.5,2.3,1.57,BetRight,NA,Player Rebounds Over/Under 8.5 - Kristaps Porzingis (BOS),40857370,Kristaps Porzingis Over 8.5,Kristaps Porzingis Under 8.5,1,2,239738904,239738905
Boston Celtics v Chicago Bulls,Boston Celtics,Chicago Bulls,Player Rebounds,Kristaps Porzingis,NA,9.5,3.1,1.33,BetRight,NA,Player Rebounds Over/Under 9.5 - Kristaps Porzingis (BOS),40857371,Kristaps Porzingis Over 9.5,Kristaps Porzingis Under 9.5,1,2,239738908,239738909
Boston Celtics v Chicago Bulls,Boston Celtics,Chicago Bulls,Player Rebounds,Payton Pritchard,Boston Celtics,2.5,1.26,3.6,BetRight,Chicago Bulls,Player Rebounds Over/Under 2.5 - Payton Pritchard (BOS),40857372,Payton Pritchard Over 2.5,Payton Pritchard Under 2.5,1,2,239738910,239738911
Boston Celtics v Chicago Bulls,Boston Celtics,Chicago Bulls,Player Rebounds,Payton Pritchard,Boston Celtics,3.5,1.62,2.25,BetRight,Chicago Bulls,Player Rebounds Over/Under 3.5 - Payton Pritchard (BOS),40857373,Payton Pritchard Over 3.5,Payton Pritchard Under 3.5,1,2,239738912,239738913
Boston Celtics v Chicago Bulls,Boston Celtics,Chicago Bulls,Player Rebounds,Payton Pritchard,Boston Celtics,4.5,2.3,1.57,BetRight,Chicago Bulls,Player Rebounds Over/Under 4.5 - Payton Pritchard (BOS),40857374,Payton Pritchard Over 4.5,Payton Pritchard Under 4.5,1,2,239738914,239738915
Boston Celtics v Chicago Bulls,Boston Celtics,Chicago Bulls,Player Rebounds,Jayson Tatum,Boston Celtics,6.5,1.22,4.1,BetRight,Chicago Bulls,Player Rebounds Over/Under 6.5 - Jayson Tatum (BOS),40857375,Jayson Tatum Over 6.5,Jayson Tatum Under 6.5,1,2,239738916,239738917
Boston Celtics v Chicago Bulls,Boston Celtics,Chicago Bulls,Player Rebounds,Jayson Tatum,Boston Celtics,7.5,1.4,2.8,BetRight,Chicago Bulls,Player Rebounds Over/Under 7.5 - Jayson Tatum (BOS),40857376,Jayson Tatum Over 7.5,Jayson Tatum Under 7.5,1,2,239738918,239738919
Boston Celtics v Chicago Bulls,Boston Celtics,Chicago Bulls,Player Rebounds,Jayson Tatum,Boston Celtics,8.5,1.68,2.1,BetRight,Chicago Bulls,Player Rebounds Over/Under 8.5 - Jayson Tatum (BOS),40857377,Jayson Tatum Over 8.5,Jayson Tatum Under 8.5,1,2,239738920,239738921
Boston Celtics v Chicago Bulls,Boston Celtics,Chicago Bulls,Player Rebounds,Jayson Tatum,Boston Celtics,9.5,2.1,1.68,BetRight,Chicago Bulls,Player Rebounds Over/Under 9.5 - Jayson Tatum (BOS),40857378,Jayson Tatum Over 9.5,Jayson Tatum Under 9.5,1,2,239738922,239738923
Boston Celtics v Chicago Bulls,Boston Celtics,Chicago Bulls,Player Rebounds,Jayson Tatum,Boston Celtics,10.5,2.8,1.4,BetRight,Chicago Bulls,Player Rebounds Over/Under 10.5 - Jayson Tatum (BOS),40857379,Jayson Tatum Over 10.5,Jayson Tatum Under 10.5,1,2,239738924,239738925
Boston Celtics v Chicago Bulls,Boston Celtics,Chicago Bulls,Player Rebounds,Derrick White,Boston Celtics,3.5,1.38,2.9,BetRight,Chicago Bulls,Player Rebounds Over/Under 3.5 - Derrick White (BOS),40857380,Derrick White Over 3.5,Derrick White Under 3.5,1,2,239738926,239738927
Boston Celtics v Chicago Bulls,Boston Celtics,Chicago Bulls,Player Rebounds,Derrick White,Boston Celtics,4.5,1.83,1.92,BetRight,Chicago Bulls,Player Rebounds Over/Under 4.5 - Derrick White (BOS),40857381,Derrick White Over 4.5,Derrick White Under 4.5,1,2,239738928,239738929
Boston Celtics v Chicago Bulls,Boston Celtics,Chicago Bulls,Player Rebounds,Derrick White,Boston Celtics,5.5,2.63,1.46,BetRight,Chicago Bulls,Player Rebounds Over/Under 5.5 - Derrick White (BOS),40857382,Derrick White Over 5.5,Derrick White Under 5.5,1,2,239738930,239738931
Boston Celtics v Chicago Bulls,Boston Celtics,Chicago Bulls,Player Rebounds,Ayo Dosunmu,Chicago Bulls,2.5,1.33,3.2,BetRight,Boston Celtics,Player Rebounds Over/Under 2.5 - Ayo Dosunmu (CHI),40857383,Ayo Dosunmu Over 2.5,Ayo Dosunmu Under 2.5,1,2,239738932,239738933
Boston Celtics v Chicago Bulls,Boston Celtics,Chicago Bulls,Player Rebounds,Ayo Dosunmu,Chicago Bulls,3.5,1.8,1.96,BetRight,Boston Celtics,Player Rebounds Over/Under 3.5 - Ayo Dosunmu (CHI),40857384,Ayo Dosunmu Over 3.5,Ayo Dosunmu Under 3.5,1,2,239738934,239738935
Boston Celtics v Chicago Bulls,Boston Celtics,Chicago Bulls,Player Rebounds,Ayo Dosunmu,Chicago Bulls,4.5,2.75,1.42,BetRight,Boston Celtics,Player Rebounds Over/Under 4.5 - Ayo Dosunmu (CHI),40857385,Ayo Dosunmu Over 4.5,Ayo Dosunmu Under 4.5,1,2,239738936,239738937
Boston Celtics v Chicago Bulls,Boston Celtics,Chicago Bulls,Player Rebounds,Zach LaVine,Chicago Bulls,2.5,1.26,3.6,BetRight,Boston Celtics,Player Rebounds Over/Under 2.5 - Zach LaVine (CHI),40857386,Zach LaVine Over 2.5,Zach LaVine Under 2.5,1,2,239738938,239738939
Boston Celtics v Chicago Bulls,Boston Celtics,Chicago Bulls,Player Rebounds,Zach LaVine,Chicago Bulls,3.5,1.65,2.2,BetRight,Boston Celtics,Player Rebounds Over/Under 3.5 - Zach LaVine (CHI),40857387,Zach LaVine Over 3.5,Zach LaVine Under 3.5,1,2,239738940,239738941
Boston Celtics v Chicago Bulls,Boston Celtics,Chicago Bulls,Player Rebounds,Zach LaVine,Chicago Bulls,4.5,2.38,1.55,BetRight,Boston Celtics,Player Rebounds Over/Under 4.5 - Zach LaVine (CHI),40857388,Zach LaVine Over 4.5,Zach LaVine Under 4.5,1,2,239738942,239738943
Boston Celtics v Chicago Bulls,Boston Celtics,Chicago Bulls,Player Rebounds,Nikola Vucevic,NA,6.5,1.21,4.1,BetRight,NA,Player Rebounds Over/Under 6.5 - Nikola Vucevic (CHI),40857389,Nikola Vucevic Over 6.5,Nikola Vucevic Under 6.5,1,2,239738944,239738945
Boston Celtics v Chicago Bulls,Boston Celtics,Chicago Bulls,Player Rebounds,Nikola Vucevic,NA,7.5,1.38,2.88,BetRight,NA,Player Rebounds Over/Under 7.5 - Nikola Vucevic (CHI),40857390,Nikola Vucevic Over 7.5,Nikola Vucevic Under 7.5,1,2,239738946,239738947
Boston Celtics v Chicago Bulls,Boston Celtics,Chicago Bulls,Player Rebounds,Nikola Vucevic,NA,8.5,1.68,2.1,BetRight,NA,Player Rebounds Over/Under 8.5 - Nikola Vucevic (CHI),40857391,Nikola Vucevic Over 8.5,Nikola Vucevic Under 8.5,1,2,239738948,239738949
Boston Celtics v Chicago Bulls,Boston Celtics,Chicago Bulls,Player Rebounds,Nikola Vucevic,NA,9.5,2.1,1.68,BetRight,NA,Player Rebounds Over/Under 9.5 - Nikola Vucevic (CHI),40857392,Nikola Vucevic Over 9.5,Nikola Vucevic Under 9.5,1,2,239738950,239738951
Boston Celtics v Chicago Bulls,Boston Celtics,Chicago Bulls,Player Rebounds,Nikola Vucevic,NA,10.5,2.8,1.4,BetRight,NA,Player Rebounds Over/Under 10.5 - Nikola Vucevic (CHI),40857393,Nikola Vucevic Over 10.5,Nikola Vucevic Under 10.5,1,2,239738952,239738953
Boston Celtics v Chicago Bulls,Boston Celtics,Chicago Bulls,Player Rebounds,Coby White,Chicago Bulls,2.5,1.38,2.88,BetRight,Boston Celtics,Player Rebounds Over/Under 2.5 - Coby White (CHI),40857394,Coby White Over 2.5,Coby White Under 2.5,1,2,239738954,239738955
Boston Celtics v Chicago Bulls,Boston Celtics,Chicago Bulls,Player Rebounds,Coby White,Chicago Bulls,3.5,1.98,1.8,BetRight,Boston Celtics,Player Rebounds Over/Under 3.5 - Coby White (CHI),40857395,Coby White Over 3.5,Coby White Under 3.5,1,2,239738956,239738957
Boston Celtics v Chicago Bulls,Boston Celtics,Chicago Bulls,Player Rebounds,Coby White,Chicago Bulls,4.5,3.1,1.35,BetRight,Boston Celtics,Player Rebounds Over/Under 4.5 - Coby White (CHI),40857396,Coby White Over 4.5,Coby White Under 4.5,1,2,239738958,239738959
San Antonio Spurs v Atlanta Hawks,San Antonio Spurs,Atlanta Hawks,Player Rebounds,Harrison Barnes,San Antonio Spurs,2.5,1.25,3.8,BetRight,Atlanta Hawks,Player Rebounds Over/Under 2.5 - Harrison Barnes (SA),40858371,Harrison Barnes Over 2.5,Harrison Barnes Under 2.5,1,2,239744497,239744498
San Antonio Spurs v Atlanta Hawks,San Antonio Spurs,Atlanta Hawks,Player Rebounds,Harrison Barnes,San Antonio Spurs,3.5,1.6,2.25,BetRight,Atlanta Hawks,Player Rebounds Over/Under 3.5 - Harrison Barnes (SA),40858372,Harrison Barnes Over 3.5,Harrison Barnes Under 3.5,1,2,239744499,239744500
San Antonio Spurs v Atlanta Hawks,San Antonio Spurs,Atlanta Hawks,Player Rebounds,Harrison Barnes,San Antonio Spurs,4.5,2.3,1.57,BetRight,Atlanta Hawks,Player Rebounds Over/Under 4.5 - Harrison Barnes (SA),40858373,Harrison Barnes Over 4.5,Harrison Barnes Under 4.5,1,2,239744501,239744502
San Antonio Spurs v Atlanta Hawks,San Antonio Spurs,Atlanta Hawks,Player Rebounds,Julian Champagnie,San Antonio Spurs,3.5,1.33,3.2,BetRight,Atlanta Hawks,Player Rebounds Over/Under 3.5 - Julian Champagnie (SA),40858374,Julian Champagnie Over 3.5,Julian Champagnie Under 3.5,1,2,239744503,239744504
San Antonio Spurs v Atlanta Hawks,San Antonio Spurs,Atlanta Hawks,Player Rebounds,Julian Champagnie,San Antonio Spurs,4.5,1.73,2,BetRight,Atlanta Hawks,Player Rebounds Over/Under 4.5 - Julian Champagnie (SA),40858375,Julian Champagnie Over 4.5,Julian Champagnie Under 4.5,1,2,239744505,239744506
San Antonio Spurs v Atlanta Hawks,San Antonio Spurs,Atlanta Hawks,Player Rebounds,Julian Champagnie,San Antonio Spurs,5.5,2.4,1.53,BetRight,Atlanta Hawks,Player Rebounds Over/Under 5.5 - Julian Champagnie (SA),40858376,Julian Champagnie Over 5.5,Julian Champagnie Under 5.5,1,2,239744507,239744508
San Antonio Spurs v Atlanta Hawks,San Antonio Spurs,Atlanta Hawks,Player Rebounds,Keldon Johnson,San Antonio Spurs,3.5,1.38,2.9,BetRight,Atlanta Hawks,Player Rebounds Over/Under 3.5 - Keldon Johnson (SA),40858377,Keldon Johnson Over 3.5,Keldon Johnson Under 3.5,1,2,239744509,239744510
San Antonio Spurs v Atlanta Hawks,San Antonio Spurs,Atlanta Hawks,Player Rebounds,Keldon Johnson,San Antonio Spurs,4.5,1.86,1.91,BetRight,Atlanta Hawks,Player Rebounds Over/Under 4.5 - Keldon Johnson (SA),40858378,Keldon Johnson Over 4.5,Keldon Johnson Under 4.5,1,2,239744511,239744512
San Antonio Spurs v Atlanta Hawks,San Antonio Spurs,Atlanta Hawks,Player Rebounds,Keldon Johnson,San Antonio Spurs,5.5,2.63,1.45,BetRight,Atlanta Hawks,Player Rebounds Over/Under 5.5 - Keldon Johnson (SA),40858379,Keldon Johnson Over 5.5,Keldon Johnson Under 5.5,1,2,239744513,239744514
San Antonio Spurs v Atlanta Hawks,San Antonio Spurs,Atlanta Hawks,Player Rebounds,Chris Paul,San Antonio Spurs,2.5,1.3,3.3,BetRight,Atlanta Hawks,Player Rebounds Over/Under 2.5 - Chris Paul (SA),40858380,Chris Paul Over 2.5,Chris Paul Under 2.5,1,2,239744515,239744516
San Antonio Spurs v Atlanta Hawks,San Antonio Spurs,Atlanta Hawks,Player Rebounds,Chris Paul,San Antonio Spurs,3.5,1.73,2.05,BetRight,Atlanta Hawks,Player Rebounds Over/Under 3.5 - Chris Paul (SA),40858381,Chris Paul Over 3.5,Chris Paul Under 3.5,1,2,239744517,239744518
San Antonio Spurs v Atlanta Hawks,San Antonio Spurs,Atlanta Hawks,Player Rebounds,Chris Paul,San Antonio Spurs,4.5,2.5,1.48,BetRight,Atlanta Hawks,Player Rebounds Over/Under 4.5 - Chris Paul (SA),40858382,Chris Paul Over 4.5,Chris Paul Under 4.5,1,2,239744519,239744520
San Antonio Spurs v Atlanta Hawks,San Antonio Spurs,Atlanta Hawks,Player Rebounds,Jeremy Sochan,San Antonio Spurs,6.5,1.3,3.4,BetRight,Atlanta Hawks,Player Rebounds Over/Under 6.5 - Jeremy Sochan (SA),40858383,Jeremy Sochan Over 6.5,Jeremy Sochan Under 6.5,1,2,239744521,239744522
San Antonio Spurs v Atlanta Hawks,San Antonio Spurs,Atlanta Hawks,Player Rebounds,Jeremy Sochan,San Antonio Spurs,7.5,1.53,2.4,BetRight,Atlanta Hawks,Player Rebounds Over/Under 7.5 - Jeremy Sochan (SA),40858384,Jeremy Sochan Over 7.5,Jeremy Sochan Under 7.5,1,2,239744523,239744524
San Antonio Spurs v Atlanta Hawks,San Antonio Spurs,Atlanta Hawks,Player Rebounds,Jeremy Sochan,San Antonio Spurs,8.5,1.94,1.83,BetRight,Atlanta Hawks,Player Rebounds Over/Under 8.5 - Jeremy Sochan (SA),40858385,Jeremy Sochan Over 8.5,Jeremy Sochan Under 8.5,1,2,239744525,239744526
San Antonio Spurs v Atlanta Hawks,San Antonio Spurs,Atlanta Hawks,Player Rebounds,Jeremy Sochan,San Antonio Spurs,9.5,2.5,1.48,BetRight,Atlanta Hawks,Player Rebounds Over/Under 9.5 - Jeremy Sochan (SA),40858386,Jeremy Sochan Over 9.5,Jeremy Sochan Under 9.5,1,2,239744527,239744528
San Antonio Spurs v Atlanta Hawks,San Antonio Spurs,Atlanta Hawks,Player Rebounds,Jeremy Sochan,San Antonio Spurs,10.5,3.4,1.29,BetRight,Atlanta Hawks,Player Rebounds Over/Under 10.5 - Jeremy Sochan (SA),40858387,Jeremy Sochan Over 10.5,Jeremy Sochan Under 10.5,1,2,239744529,239744530
San Antonio Spurs v Atlanta Hawks,San Antonio Spurs,Atlanta Hawks,Player Rebounds,Devin Vassell,San Antonio Spurs,1.5,1.26,3.5,BetRight,Atlanta Hawks,Player Rebounds Over/Under 1.5 - Devin Vassell (SA),40858388,Devin Vassell Over 1.5,Devin Vassell Under 1.5,1,2,239744531,239744532
San Antonio Spurs v Atlanta Hawks,San Antonio Spurs,Atlanta Hawks,Player Rebounds,Devin Vassell,San Antonio Spurs,2.5,1.83,1.92,BetRight,Atlanta Hawks,Player Rebounds Over/Under 2.5 - Devin Vassell (SA),40858389,Devin Vassell Over 2.5,Devin Vassell Under 2.5,1,2,239744533,239744534
San Antonio Spurs v Atlanta Hawks,San Antonio Spurs,Atlanta Hawks,Player Rebounds,Devin Vassell,San Antonio Spurs,3.5,3.1,1.35,BetRight,Atlanta Hawks,Player Rebounds Over/Under 3.5 - Devin Vassell (SA),40858390,Devin Vassell Over 3.5,Devin Vassell Under 3.5,1,2,239744535,239744536
San Antonio Spurs v Atlanta Hawks,San Antonio Spurs,Atlanta Hawks,Player Rebounds,Victor Wembanyama,San Antonio Spurs,9.5,1.33,3.1,BetRight,Atlanta Hawks,Player Rebounds Over/Under 9.5 - Victor Wembanyama (SA),40858391,Victor Wembanyama Over 9.5,Victor Wembanyama Under 9.5,1,2,239744537,239744538
San Antonio Spurs v Atlanta Hawks,San Antonio Spurs,Atlanta Hawks,Player Rebounds,Victor Wembanyama,San Antonio Spurs,10.5,1.55,2.3,BetRight,Atlanta Hawks,Player Rebounds Over/Under 10.5 - Victor Wembanyama (SA),40858392,Victor Wembanyama Over 10.5,Victor Wembanyama Under 10.5,1,2,239744539,239744540
San Antonio Spurs v Atlanta Hawks,San Antonio Spurs,Atlanta Hawks,Player Rebounds,Victor Wembanyama,San Antonio Spurs,11.5,1.88,1.88,BetRight,Atlanta Hawks,Player Rebounds Over/Under 11.5 - Victor Wembanyama (SA),40858393,Victor Wembanyama Over 11.5,Victor Wembanyama Under 11.5,1,2,239744541,239744542
San Antonio Spurs v Atlanta Hawks,San Antonio Spurs,Atlanta Hawks,Player Rebounds,Victor Wembanyama,San Antonio Spurs,12.5,2.3,1.57,BetRight,Atlanta Hawks,Player Rebounds Over/Under 12.5 - Victor Wembanyama (SA),40858394,Victor Wembanyama Over 12.5,Victor Wembanyama Under 12.5,1,2,239744543,239744544
San Antonio Spurs v Atlanta Hawks,San Antonio Spurs,Atlanta Hawks,Player Rebounds,Victor Wembanyama,San Antonio Spurs,13.5,3,1.36,BetRight,Atlanta Hawks,Player Rebounds Over/Under 13.5 - Victor Wembanyama (SA),40858395,Victor Wembanyama Over 13.5,Victor Wembanyama Under 13.5,1,2,239744545,239744546
San Antonio Spurs v Atlanta Hawks,San Antonio Spurs,Atlanta Hawks,Player Rebounds,Bogdan Bogdanović,Atlanta Hawks,1.5,1.15,5,BetRight,San Antonio Spurs,Player Rebounds Over/Under 1.5 - Bogdan Bogdanović (ATL),40858396,Bogdan Bogdanović Over 1.5,Bogdan Bogdanović Under 1.5,1,2,239744547,239744548
San Antonio Spurs v Atlanta Hawks,San Antonio Spurs,Atlanta Hawks,Player Rebounds,Bogdan Bogdanović,Atlanta Hawks,2.5,1.46,2.63,BetRight,San Antonio Spurs,Player Rebounds Over/Under 2.5 - Bogdan Bogdanović (ATL),40858397,Bogdan Bogdanović Over 2.5,Bogdan Bogdanović Under 2.5,1,2,239744549,239744550
San Antonio Spurs v Atlanta Hawks,San Antonio Spurs,Atlanta Hawks,Player Rebounds,Bogdan Bogdanović,Atlanta Hawks,3.5,2.1,1.68,BetRight,San Antonio Spurs,Player Rebounds Over/Under 3.5 - Bogdan Bogdanović (ATL),40858398,Bogdan Bogdanović Over 3.5,Bogdan Bogdanović Under 3.5,1,2,239744551,239744552
San Antonio Spurs v Atlanta Hawks,San Antonio Spurs,Atlanta Hawks,Player Rebounds,Dyson Daniels,Atlanta Hawks,2.5,1.08,7,BetRight,San Antonio Spurs,Player Rebounds Over/Under 2.5 - Dyson Daniels (ATL),40858399,Dyson Daniels Over 2.5,Dyson Daniels Under 2.5,1,2,239744553,239744554
San Antonio Spurs v Atlanta Hawks,San Antonio Spurs,Atlanta Hawks,Player Rebounds,Dyson Daniels,Atlanta Hawks,3.5,1.22,4.1,BetRight,San Antonio Spurs,Player Rebounds Over/Under 3.5 - Dyson Daniels (ATL),40858400,Dyson Daniels Over 3.5,Dyson Daniels Under 3.5,1,2,239744555,239744556
San Antonio Spurs v Atlanta Hawks,San Antonio Spurs,Atlanta Hawks,Player Rebounds,Dyson Daniels,Atlanta Hawks,4.5,1.48,2.5,BetRight,San Antonio Spurs,Player Rebounds Over/Under 4.5 - Dyson Daniels (ATL),40858401,Dyson Daniels Over 4.5,Dyson Daniels Under 4.5,1,2,239744557,239744558
San Antonio Spurs v Atlanta Hawks,San Antonio Spurs,Atlanta Hawks,Player Rebounds,Dyson Daniels,Atlanta Hawks,5.5,1.92,1.83,BetRight,San Antonio Spurs,Player Rebounds Over/Under 5.5 - Dyson Daniels (ATL),40858402,Dyson Daniels Over 5.5,Dyson Daniels Under 5.5,1,2,239744559,239744560
San Antonio Spurs v Atlanta Hawks,San Antonio Spurs,Atlanta Hawks,Player Rebounds,Dyson Daniels,Atlanta Hawks,6.5,2.75,1.42,BetRight,San Antonio Spurs,Player Rebounds Over/Under 6.5 - Dyson Daniels (ATL),40858403,Dyson Daniels Over 6.5,Dyson Daniels Under 6.5,1,2,239744561,239744562
San Antonio Spurs v Atlanta Hawks,San Antonio Spurs,Atlanta Hawks,Player Rebounds,De'Andre Hunter,Atlanta Hawks,2.5,1.32,3.3,BetRight,San Antonio Spurs,Player Rebounds Over/Under 2.5 - De'Andre Hunter (ATL),40858404,De'Andre Hunter Over 2.5,De'Andre Hunter Under 2.5,1,2,239744563,239744564
San Antonio Spurs v Atlanta Hawks,San Antonio Spurs,Atlanta Hawks,Player Rebounds,De'Andre Hunter,Atlanta Hawks,3.5,1.75,2,BetRight,San Antonio Spurs,Player Rebounds Over/Under 3.5 - De'Andre Hunter (ATL),40858405,De'Andre Hunter Over 3.5,De'Andre Hunter Under 3.5,1,2,239744565,239744566
San Antonio Spurs v Atlanta Hawks,San Antonio Spurs,Atlanta Hawks,Player Rebounds,De'Andre Hunter,Atlanta Hawks,4.5,2.63,1.46,BetRight,San Antonio Spurs,Player Rebounds Over/Under 4.5 - De'Andre Hunter (ATL),40858406,De'Andre Hunter Over 4.5,De'Andre Hunter Under 4.5,1,2,239744567,239744568
San Antonio Spurs v Atlanta Hawks,San Antonio Spurs,Atlanta Hawks,Player Rebounds,Jalen Johnson,Atlanta Hawks,6.5,1.14,5.25,BetRight,San Antonio Spurs,Player Rebounds Over/Under 6.5 - Jalen Johnson (ATL),40858407,Jalen Johnson Over 6.5,Jalen Johnson Under 6.5,1,2,239744569,239744570
San Antonio Spurs v Atlanta Hawks,San Antonio Spurs,Atlanta Hawks,Player Rebounds,Jalen Johnson,Atlanta Hawks,7.5,1.25,3.75,BetRight,San Antonio Spurs,Player Rebounds Over/Under 7.5 - Jalen Johnson (ATL),40858408,Jalen Johnson Over 7.5,Jalen Johnson Under 7.5,1,2,239744571,239744572
San Antonio Spurs v Atlanta Hawks,San Antonio Spurs,Atlanta Hawks,Player Rebounds,Jalen Johnson,Atlanta Hawks,8.5,1.44,2.63,BetRight,San Antonio Spurs,Player Rebounds Over/Under 8.5 - Jalen Johnson (ATL),40858409,Jalen Johnson Over 8.5,Jalen Johnson Under 8.5,1,2,239744573,239744574
San Antonio Spurs v Atlanta Hawks,San Antonio Spurs,Atlanta Hawks,Player Rebounds,Jalen Johnson,Atlanta Hawks,9.5,1.73,2.05,BetRight,San Antonio Spurs,Player Rebounds Over/Under 9.5 - Jalen Johnson (ATL),40858410,Jalen Johnson Over 9.5,Jalen Johnson Under 9.5,1,2,239744575,239744576
San Antonio Spurs v Atlanta Hawks,San Antonio Spurs,Atlanta Hawks,Player Rebounds,Jalen Johnson,Atlanta Hawks,10.5,2.15,1.65,BetRight,San Antonio Spurs,Player Rebounds Over/Under 10.5 - Jalen Johnson (ATL),40858411,Jalen Johnson Over 10.5,Jalen Johnson Under 10.5,1,2,239744577,239744578
San Antonio Spurs v Atlanta Hawks,San Antonio Spurs,Atlanta Hawks,Player Rebounds,Zaccharie Risacher,Atlanta Hawks,1.5,1.14,5.25,BetRight,San Antonio Spurs,Player Rebounds Over/Under 1.5 - Zaccharie Risacher (ATL),40858412,Zaccharie Risacher Over 1.5,Zaccharie Risacher Under 1.5,1,2,239744579,239744580
San Antonio Spurs v Atlanta Hawks,San Antonio Spurs,Atlanta Hawks,Player Rebounds,Zaccharie Risacher,Atlanta Hawks,2.5,1.44,2.63,BetRight,San Antonio Spurs,Player Rebounds Over/Under 2.5 - Zaccharie Risacher (ATL),40858413,Zaccharie Risacher Over 2.5,Zaccharie Risacher Under 2.5,1,2,239744581,239744582
San Antonio Spurs v Atlanta Hawks,San Antonio Spurs,Atlanta Hawks,Player Rebounds,Zaccharie Risacher,Atlanta Hawks,3.5,2.05,1.73,BetRight,San Antonio Spurs,Player Rebounds Over/Under 3.5 - Zaccharie Risacher (ATL),40858414,Zaccharie Risacher Over 3.5,Zaccharie Risacher Under 3.5,1,2,239744583,239744584
San Antonio Spurs v Atlanta Hawks,San Antonio Spurs,Atlanta Hawks,Player Rebounds,Trae Young,Atlanta Hawks,2.5,1.32,3.2,BetRight,San Antonio Spurs,Player Rebounds Over/Under 2.5 - Trae Young (ATL),40858415,Trae Young Over 2.5,Trae Young Under 2.5,1,2,239744585,239744586
San Antonio Spurs v Atlanta Hawks,San Antonio Spurs,Atlanta Hawks,Player Rebounds,Trae Young,Atlanta Hawks,3.5,1.78,1.98,BetRight,San Antonio Spurs,Player Rebounds Over/Under 3.5 - Trae Young (ATL),40858416,Trae Young Over 3.5,Trae Young Under 3.5,1,2,239744587,239744588
San Antonio Spurs v Atlanta Hawks,San Antonio Spurs,Atlanta Hawks,Player Rebounds,Trae Young,Atlanta Hawks,4.5,2.63,1.44,BetRight,San Antonio Spurs,Player Rebounds Over/Under 4.5 - Trae Young (ATL),40858417,Trae Young Over 4.5,Trae Young Under 4.5,1,2,239744589,239744590
Memphis Grizzlies v Golden State Warriors,Memphis Grizzlies,Golden State Warriors,Player Rebounds,Desmond Bane,Memphis Grizzlies,3.5,1.22,4,BetRight,Golden State Warriors,Player Rebounds Over/Under 3.5 - Desmond Bane (MEM),40857897,Desmond Bane Over 3.5,Desmond Bane Under 3.5,1,2,239742558,239742559
Memphis Grizzlies v Golden State Warriors,Memphis Grizzlies,Golden State Warriors,Player Rebounds,Desmond Bane,Memphis Grizzlies,4.5,1.5,2.4,BetRight,Golden State Warriors,Player Rebounds Over/Under 4.5 - Desmond Bane (MEM),40857898,Desmond Bane Over 4.5,Desmond Bane Under 4.5,1,2,239742560,239742561
Memphis Grizzlies v Golden State Warriors,Memphis Grizzlies,Golden State Warriors,Player Rebounds,Desmond Bane,Memphis Grizzlies,5.5,2,1.75,BetRight,Golden State Warriors,Player Rebounds Over/Under 5.5 - Desmond Bane (MEM),40857899,Desmond Bane Over 5.5,Desmond Bane Under 5.5,1,2,239742562,239742563
Memphis Grizzlies v Golden State Warriors,Memphis Grizzlies,Golden State Warriors,Player Rebounds,Desmond Bane,Memphis Grizzlies,6.5,2.9,1.38,BetRight,Golden State Warriors,Player Rebounds Over/Under 6.5 - Desmond Bane (MEM),40857900,Desmond Bane Over 6.5,Desmond Bane Under 6.5,1,2,239742564,239742565
Memphis Grizzlies v Golden State Warriors,Memphis Grizzlies,Golden State Warriors,Player Rebounds,Desmond Bane,Memphis Grizzlies,7.5,4.33,1.18,BetRight,Golden State Warriors,Player Rebounds Over/Under 7.5 - Desmond Bane (MEM),40857901,Desmond Bane Over 7.5,Desmond Bane Under 7.5,1,2,239742566,239742567
Memphis Grizzlies v Golden State Warriors,Memphis Grizzlies,Golden State Warriors,Player Rebounds,Brandon Clarke,Memphis Grizzlies,3.5,1.17,4.75,BetRight,Golden State Warriors,Player Rebounds Over/Under 3.5 - Brandon Clarke (MEM),40857902,Brandon Clarke Over 3.5,Brandon Clarke Under 3.5,1,2,239742568,239742569
Memphis Grizzlies v Golden State Warriors,Memphis Grizzlies,Golden State Warriors,Player Rebounds,Brandon Clarke,Memphis Grizzlies,4.5,1.38,2.9,BetRight,Golden State Warriors,Player Rebounds Over/Under 4.5 - Brandon Clarke (MEM),40857903,Brandon Clarke Over 4.5,Brandon Clarke Under 4.5,1,2,239742570,239742571
Memphis Grizzlies v Golden State Warriors,Memphis Grizzlies,Golden State Warriors,Player Rebounds,Brandon Clarke,Memphis Grizzlies,5.5,1.75,2,BetRight,Golden State Warriors,Player Rebounds Over/Under 5.5 - Brandon Clarke (MEM),40857904,Brandon Clarke Over 5.5,Brandon Clarke Under 5.5,1,2,239742572,239742573
Memphis Grizzlies v Golden State Warriors,Memphis Grizzlies,Golden State Warriors,Player Rebounds,Brandon Clarke,Memphis Grizzlies,6.5,2.4,1.53,BetRight,Golden State Warriors,Player Rebounds Over/Under 6.5 - Brandon Clarke (MEM),40857905,Brandon Clarke Over 6.5,Brandon Clarke Under 6.5,1,2,239742574,239742575
Memphis Grizzlies v Golden State Warriors,Memphis Grizzlies,Golden State Warriors,Player Rebounds,Brandon Clarke,Memphis Grizzlies,7.5,3.5,1.26,BetRight,Golden State Warriors,Player Rebounds Over/Under 7.5 - Brandon Clarke (MEM),40857906,Brandon Clarke Over 7.5,Brandon Clarke Under 7.5,1,2,239742576,239742577
Memphis Grizzlies v Golden State Warriors,Memphis Grizzlies,Golden State Warriors,Player Rebounds,Jaren Jackson Jr.,Memphis Grizzlies,3.5,1.11,5.75,BetRight,Golden State Warriors,Player Rebounds Over/Under 3.5 - Jaren Jackson Jr. (MEM),40857907,Jaren Jackson Jr. Over 3.5,Jaren Jackson Jr. Under 3.5,1,2,239742578,239742579
Memphis Grizzlies v Golden State Warriors,Memphis Grizzlies,Golden State Warriors,Player Rebounds,Jaren Jackson Jr.,Memphis Grizzlies,4.5,1.29,3.4,BetRight,Golden State Warriors,Player Rebounds Over/Under 4.5 - Jaren Jackson Jr. (MEM),40857908,Jaren Jackson Jr. Over 4.5,Jaren Jackson Jr. Under 4.5,1,2,239742580,239742581
Memphis Grizzlies v Golden State Warriors,Memphis Grizzlies,Golden State Warriors,Player Rebounds,Jaren Jackson Jr.,Memphis Grizzlies,5.5,1.57,2.3,BetRight,Golden State Warriors,Player Rebounds Over/Under 5.5 - Jaren Jackson Jr. (MEM),40857909,Jaren Jackson Jr. Over 5.5,Jaren Jackson Jr. Under 5.5,1,2,239742582,239742583
Memphis Grizzlies v Golden State Warriors,Memphis Grizzlies,Golden State Warriors,Player Rebounds,Jaren Jackson Jr.,Memphis Grizzlies,6.5,2.05,1.7,BetRight,Golden State Warriors,Player Rebounds Over/Under 6.5 - Jaren Jackson Jr. (MEM),40857910,Jaren Jackson Jr. Over 6.5,Jaren Jackson Jr. Under 6.5,1,2,239742584,239742585
Memphis Grizzlies v Golden State Warriors,Memphis Grizzlies,Golden State Warriors,Player Rebounds,Jaren Jackson Jr.,Memphis Grizzlies,7.5,2.9,1.38,BetRight,Golden State Warriors,Player Rebounds Over/Under 7.5 - Jaren Jackson Jr. (MEM),40857911,Jaren Jackson Jr. Over 7.5,Jaren Jackson Jr. Under 7.5,1,2,239742586,239742587
Memphis Grizzlies v Golden State Warriors,Memphis Grizzlies,Golden State Warriors,Player Rebounds,Ja Morant,Memphis Grizzlies,3.5,1.22,3.9,BetRight,Golden State Warriors,Player Rebounds Over/Under 3.5 - Ja Morant (MEM),40857913,Ja Morant Over 3.5,Ja Morant Under 3.5,1,2,239742590,239742591
Memphis Grizzlies v Golden State Warriors,Memphis Grizzlies,Golden State Warriors,Player Rebounds,Ja Morant,Memphis Grizzlies,4.5,1.53,2.4,BetRight,Golden State Warriors,Player Rebounds Over/Under 4.5 - Ja Morant (MEM),40857914,Ja Morant Over 4.5,Ja Morant Under 4.5,1,2,239742592,239742593
Memphis Grizzlies v Golden State Warriors,Memphis Grizzlies,Golden State Warriors,Player Rebounds,Ja Morant,Memphis Grizzlies,5.5,2,1.75,BetRight,Golden State Warriors,Player Rebounds Over/Under 5.5 - Ja Morant (MEM),40857915,Ja Morant Over 5.5,Ja Morant Under 5.5,1,2,239742594,239742595
Memphis Grizzlies v Golden State Warriors,Memphis Grizzlies,Golden State Warriors,Player Rebounds,Ja Morant,Memphis Grizzlies,6.5,2.9,1.38,BetRight,Golden State Warriors,Player Rebounds Over/Under 6.5 - Ja Morant (MEM),40857916,Ja Morant Over 6.5,Ja Morant Under 6.5,1,2,239742596,239742597
Memphis Grizzlies v Golden State Warriors,Memphis Grizzlies,Golden State Warriors,Player Rebounds,Jaylen Wells,Memphis Grizzlies,2.5,1.44,2.63,BetRight,Golden State Warriors,Player Rebounds Over/Under 2.5 - Jaylen Wells (MEM),40857917,Jaylen Wells Over 2.5,Jaylen Wells Under 2.5,1,2,239742598,239742599
Memphis Grizzlies v Golden State Warriors,Memphis Grizzlies,Golden State Warriors,Player Rebounds,Jaylen Wells,Memphis Grizzlies,3.5,2.05,1.73,BetRight,Golden State Warriors,Player Rebounds Over/Under 3.5 - Jaylen Wells (MEM),40857918,Jaylen Wells Over 3.5,Jaylen Wells Under 3.5,1,2,239742600,239742601
Memphis Grizzlies v Golden State Warriors,Memphis Grizzlies,Golden State Warriors,Player Rebounds,Jaylen Wells,Memphis Grizzlies,4.5,3.3,1.3,BetRight,Golden State Warriors,Player Rebounds Over/Under 4.5 - Jaylen Wells (MEM),40857919,Jaylen Wells Over 4.5,Jaylen Wells Under 4.5,1,2,239742602,239742603
Memphis Grizzlies v Golden State Warriors,Memphis Grizzlies,Golden State Warriors,Player Rebounds,Stephen Curry,Golden State Warriors,3.5,1.35,3.1,BetRight,Memphis Grizzlies,Player Rebounds Over/Under 3.5 - Stephen Curry (GS),40857920,Stephen Curry Over 3.5,Stephen Curry Under 3.5,1,2,239742604,239742605
Memphis Grizzlies v Golden State Warriors,Memphis Grizzlies,Golden State Warriors,Player Rebounds,Stephen Curry,Golden State Warriors,4.5,1.73,2.05,BetRight,Memphis Grizzlies,Player Rebounds Over/Under 4.5 - Stephen Curry (GS),40857921,Stephen Curry Over 4.5,Stephen Curry Under 4.5,1,2,239742606,239742607
Memphis Grizzlies v Golden State Warriors,Memphis Grizzlies,Golden State Warriors,Player Rebounds,Stephen Curry,Golden State Warriors,5.5,2.4,1.5,BetRight,Memphis Grizzlies,Player Rebounds Over/Under 5.5 - Stephen Curry (GS),40857922,Stephen Curry Over 5.5,Stephen Curry Under 5.5,1,2,239742608,239742609
Memphis Grizzlies v Golden State Warriors,Memphis Grizzlies,Golden State Warriors,Player Rebounds,Buddy Hield,Golden State Warriors,1.5,1.17,4.75,BetRight,Memphis Grizzlies,Player Rebounds Over/Under 1.5 - Buddy Hield (GS),40857923,Buddy Hield Over 1.5,Buddy Hield Under 1.5,1,2,239742610,239742611
Memphis Grizzlies v Golden State Warriors,Memphis Grizzlies,Golden State Warriors,Player Rebounds,Buddy Hield,Golden State Warriors,2.5,1.5,2.4,BetRight,Memphis Grizzlies,Player Rebounds Over/Under 2.5 - Buddy Hield (GS),40857924,Buddy Hield Over 2.5,Buddy Hield Under 2.5,1,2,239742612,239742613
Memphis Grizzlies v Golden State Warriors,Memphis Grizzlies,Golden State Warriors,Player Rebounds,Buddy Hield,Golden State Warriors,3.5,2.2,1.62,BetRight,Memphis Grizzlies,Player Rebounds Over/Under 3.5 - Buddy Hield (GS),40857925,Buddy Hield Over 3.5,Buddy Hield Under 3.5,1,2,239742614,239742615
Memphis Grizzlies v Golden State Warriors,Memphis Grizzlies,Golden State Warriors,Player Rebounds,Jonathan Kuminga,Golden State Warriors,3.5,1.32,3.25,BetRight,Memphis Grizzlies,Player Rebounds Over/Under 3.5 - Jonathan Kuminga (GS),40857926,Jonathan Kuminga Over 3.5,Jonathan Kuminga Under 3.5,1,2,239742616,239742617
Memphis Grizzlies v Golden State Warriors,Memphis Grizzlies,Golden State Warriors,Player Rebounds,Jonathan Kuminga,Golden State Warriors,4.5,1.68,2.1,BetRight,Memphis Grizzlies,Player Rebounds Over/Under 4.5 - Jonathan Kuminga (GS),40857927,Jonathan Kuminga Over 4.5,Jonathan Kuminga Under 4.5,1,2,239742618,239742619
Memphis Grizzlies v Golden State Warriors,Memphis Grizzlies,Golden State Warriors,Player Rebounds,Jonathan Kuminga,Golden State Warriors,5.5,2.3,1.55,BetRight,Memphis Grizzlies,Player Rebounds Over/Under 5.5 - Jonathan Kuminga (GS),40857928,Jonathan Kuminga Over 5.5,Jonathan Kuminga Under 5.5,1,2,239742620,239742621
Memphis Grizzlies v Golden State Warriors,Memphis Grizzlies,Golden State Warriors,Player Rebounds,Dennis Schröder,Brooklyn Nets,1.5,1.3,3.4,BetRight,NA,Player Rebounds Over/Under 1.5 - Dennis Schröder (GS),40857929,Dennis Schröder Over 1.5,Dennis Schröder Under 1.5,1,2,239742622,239742623
Memphis Grizzlies v Golden State Warriors,Memphis Grizzlies,Golden State Warriors,Player Rebounds,Dennis Schröder,Brooklyn Nets,2.5,1.88,1.88,BetRight,NA,Player Rebounds Over/Under 2.5 - Dennis Schröder (GS),40857930,Dennis Schröder Over 2.5,Dennis Schröder Under 2.5,1,2,239742624,239742625
Memphis Grizzlies v Golden State Warriors,Memphis Grizzlies,Golden State Warriors,Player Rebounds,Dennis Schröder,Brooklyn Nets,3.5,3.1,1.33,BetRight,NA,Player Rebounds Over/Under 3.5 - Dennis Schröder (GS),40857931,Dennis Schröder Over 3.5,Dennis Schröder Under 3.5,1,2,239742626,239742627
Memphis Grizzlies v Golden State Warriors,Memphis Grizzlies,Golden State Warriors,Player Rebounds,Andrew Wiggins,Golden State Warriors,3.5,1.44,2.63,BetRight,Memphis Grizzlies,Player Rebounds Over/Under 3.5 - Andrew Wiggins (GS),40857932,Andrew Wiggins Over 3.5,Andrew Wiggins Under 3.5,1,2,239742628,239742629
Memphis Grizzlies v Golden State Warriors,Memphis Grizzlies,Golden State Warriors,Player Rebounds,Andrew Wiggins,Golden State Warriors,4.5,1.92,1.85,BetRight,Memphis Grizzlies,Player Rebounds Over/Under 4.5 - Andrew Wiggins (GS),40857933,Andrew Wiggins Over 4.5,Andrew Wiggins Under 4.5,1,2,239742630,239742631
Memphis Grizzlies v Golden State Warriors,Memphis Grizzlies,Golden State Warriors,Player Rebounds,Andrew Wiggins,Golden State Warriors,5.5,2.8,1.4,BetRight,Memphis Grizzlies,Player Rebounds Over/Under 5.5 - Andrew Wiggins (GS),40857934,Andrew Wiggins Over 5.5,Andrew Wiggins Under 5.5,1,2,239742632,239742633
Memphis Grizzlies v Golden State Warriors,Memphis Grizzlies,Golden State Warriors,Player Rebounds,Ja Morant,Memphis Grizzlies,7.5,4.33,1.18,BetRight,Golden State Warriors,Player Rebounds Over/Under 7.5 - Ja Morant (MEM),40860352,Ja Morant Over 7.5,Ja Morant Under 7.5,1,2,239750645,239750646
Houston Rockets v New Orleans Pelicans,Houston Rockets,New Orleans Pelicans,Player Rebounds,Herbert Jones,New Orleans Pelicans,2.5,1.22,4.1,BetRight,Houston Rockets,Player Rebounds Over/Under 2.5 - Herb Jones (NO),40857986,Herb Jones Over 2.5,Herb Jones Under 2.5,1,2,239743082,239743081
Houston Rockets v New Orleans Pelicans,Houston Rockets,New Orleans Pelicans,Player Rebounds,Herbert Jones,New Orleans Pelicans,3.5,1.55,2.4,BetRight,Houston Rockets,Player Rebounds Over/Under 3.5 - Herb Jones (NO),40857987,Herb Jones Over 3.5,Herb Jones Under 3.5,1,2,239743084,239743083
Houston Rockets v New Orleans Pelicans,Houston Rockets,New Orleans Pelicans,Player Rebounds,Herbert Jones,New Orleans Pelicans,4.5,2.15,1.65,BetRight,Houston Rockets,Player Rebounds Over/Under 4.5 - Herb Jones (NO),40857988,Herb Jones Over 4.5,Herb Jones Under 4.5,1,2,239743085,239743086
Houston Rockets v New Orleans Pelicans,Houston Rockets,New Orleans Pelicans,Player Rebounds,CJ McCollum,New Orleans Pelicans,2.5,1.22,4,BetRight,Houston Rockets,Player Rebounds Over/Under 2.5 - CJ McCollum (NO),40857989,CJ McCollum Over 2.5,CJ McCollum Under 2.5,1,2,239743087,239743088
Houston Rockets v New Orleans Pelicans,Houston Rockets,New Orleans Pelicans,Player Rebounds,CJ McCollum,New Orleans Pelicans,3.5,1.55,2.3,BetRight,Houston Rockets,Player Rebounds Over/Under 3.5 - CJ McCollum (NO),40857990,CJ McCollum Over 3.5,CJ McCollum Under 3.5,1,2,239743090,239743089
Houston Rockets v New Orleans Pelicans,Houston Rockets,New Orleans Pelicans,Player Rebounds,CJ McCollum,New Orleans Pelicans,4.5,2.2,1.62,BetRight,Houston Rockets,Player Rebounds Over/Under 4.5 - CJ McCollum (NO),40857991,CJ McCollum Over 4.5,CJ McCollum Under 4.5,1,2,239743092,239743091
Houston Rockets v New Orleans Pelicans,Houston Rockets,New Orleans Pelicans,Player Rebounds,Trey Murphy III,New Orleans Pelicans,2.5,1.08,7,BetRight,Houston Rockets,Player Rebounds Over/Under 2.5 - Trey Murphy III (NO),40857992,Trey Murphy III Over 2.5,Trey Murphy III Under 2.5,1,2,239743093,239743094
Houston Rockets v New Orleans Pelicans,Houston Rockets,New Orleans Pelicans,Player Rebounds,Trey Murphy III,New Orleans Pelicans,3.5,1.22,4,BetRight,Houston Rockets,Player Rebounds Over/Under 3.5 - Trey Murphy III (NO),40857993,Trey Murphy III Over 3.5,Trey Murphy III Under 3.5,1,2,239743095,239743096
Houston Rockets v New Orleans Pelicans,Houston Rockets,New Orleans Pelicans,Player Rebounds,Trey Murphy III,New Orleans Pelicans,4.5,1.5,2.5,BetRight,Houston Rockets,Player Rebounds Over/Under 4.5 - Trey Murphy III (NO),40857994,Trey Murphy III Over 4.5,Trey Murphy III Under 4.5,1,2,239743097,239743098
Houston Rockets v New Orleans Pelicans,Houston Rockets,New Orleans Pelicans,Player Rebounds,Trey Murphy III,New Orleans Pelicans,5.5,2,1.75,BetRight,Houston Rockets,Player Rebounds Over/Under 5.5 - Trey Murphy III (NO),40857995,Trey Murphy III Over 5.5,Trey Murphy III Under 5.5,1,2,239743100,239743099
Houston Rockets v New Orleans Pelicans,Houston Rockets,New Orleans Pelicans,Player Rebounds,Trey Murphy III,New Orleans Pelicans,6.5,2.88,1.4,BetRight,Houston Rockets,Player Rebounds Over/Under 6.5 - Trey Murphy III (NO),40857996,Trey Murphy III Over 6.5,Trey Murphy III Under 6.5,1,2,239743102,239743101
Houston Rockets v New Orleans Pelicans,Houston Rockets,New Orleans Pelicans,Player Rebounds,Dejounte Murray,New Orleans Pelicans,3.5,1.14,5.25,BetRight,Houston Rockets,Player Rebounds Over/Under 3.5 - Dejounte Murray (NO),40857997,Dejounte Murray Over 3.5,Dejounte Murray Under 3.5,1,2,239743103,239743104
Houston Rockets v New Orleans Pelicans,Houston Rockets,New Orleans Pelicans,Player Rebounds,Dejounte Murray,New Orleans Pelicans,4.5,1.3,3.3,BetRight,Houston Rockets,Player Rebounds Over/Under 4.5 - Dejounte Murray (NO),40857998,Dejounte Murray Over 4.5,Dejounte Murray Under 4.5,1,2,239743105,239743106
Houston Rockets v New Orleans Pelicans,Houston Rockets,New Orleans Pelicans,Player Rebounds,Dejounte Murray,New Orleans Pelicans,5.5,1.6,2.25,BetRight,Houston Rockets,Player Rebounds Over/Under 5.5 - Dejounte Murray (NO),40857999,Dejounte Murray Over 5.5,Dejounte Murray Under 5.5,1,2,239743108,239743107
Houston Rockets v New Orleans Pelicans,Houston Rockets,New Orleans Pelicans,Player Rebounds,Dejounte Murray,New Orleans Pelicans,6.5,2.15,1.67,BetRight,Houston Rockets,Player Rebounds Over/Under 6.5 - Dejounte Murray (NO),40858000,Dejounte Murray Over 6.5,Dejounte Murray Under 6.5,1,2,239743110,239743109
Houston Rockets v New Orleans Pelicans,Houston Rockets,New Orleans Pelicans,Player Rebounds,Dejounte Murray,New Orleans Pelicans,7.5,3,1.36,BetRight,Houston Rockets,Player Rebounds Over/Under 7.5 - Dejounte Murray (NO),40858001,Dejounte Murray Over 7.5,Dejounte Murray Under 7.5,1,2,239743112,239743111
Houston Rockets v New Orleans Pelicans,Houston Rockets,New Orleans Pelicans,Player Rebounds,Dillon Brooks,Houston Rockets,2.5,1.24,3.8,BetRight,New Orleans Pelicans,Player Rebounds Over/Under 2.5 - Dillon Brooks (HOU),40858175,Dillon Brooks Over 2.5,Dillon Brooks Under 2.5,1,2,239743893,239743894
Houston Rockets v New Orleans Pelicans,Houston Rockets,New Orleans Pelicans,Player Rebounds,Dillon Brooks,Houston Rockets,3.5,1.6,2.25,BetRight,New Orleans Pelicans,Player Rebounds Over/Under 3.5 - Dillon Brooks (HOU),40858176,Dillon Brooks Over 3.5,Dillon Brooks Under 3.5,1,2,239743895,239743896
Houston Rockets v New Orleans Pelicans,Houston Rockets,New Orleans Pelicans,Player Rebounds,Dillon Brooks,Houston Rockets,4.5,2.25,1.6,BetRight,New Orleans Pelicans,Player Rebounds Over/Under 4.5 - Dillon Brooks (HOU),40858177,Dillon Brooks Over 4.5,Dillon Brooks Under 4.5,1,2,239743897,239743898
Houston Rockets v New Orleans Pelicans,Houston Rockets,New Orleans Pelicans,Player Rebounds,Jalen Green,Houston Rockets,3.5,1.32,3.25,BetRight,New Orleans Pelicans,Player Rebounds Over/Under 3.5 - Jalen Green (HOU),40858178,Jalen Green Over 3.5,Jalen Green Under 3.5,1,2,239743899,239743900
Houston Rockets v New Orleans Pelicans,Houston Rockets,New Orleans Pelicans,Player Rebounds,Jalen Green,Houston Rockets,4.5,1.68,2.1,BetRight,New Orleans Pelicans,Player Rebounds Over/Under 4.5 - Jalen Green (HOU),40858179,Jalen Green Over 4.5,Jalen Green Under 4.5,1,2,239743901,239743902
Houston Rockets v New Orleans Pelicans,Houston Rockets,New Orleans Pelicans,Player Rebounds,Jalen Green,Houston Rockets,5.5,2.3,1.55,BetRight,New Orleans Pelicans,Player Rebounds Over/Under 5.5 - Jalen Green (HOU),40858180,Jalen Green Over 5.5,Jalen Green Under 5.5,1,2,239743903,239743904
Houston Rockets v New Orleans Pelicans,Houston Rockets,New Orleans Pelicans,Player Rebounds,Alperen Sengun,Houston Rockets,8.5,1.25,3.75,BetRight,New Orleans Pelicans,Player Rebounds Over/Under 8.5 - Alperen Sengün (HOU),40858181,Alperen Sengün Over 8.5,Alperen Sengün Under 8.5,1,2,239743905,239743906
Houston Rockets v New Orleans Pelicans,Houston Rockets,New Orleans Pelicans,Player Rebounds,Alperen Sengun,Houston Rockets,9.5,1.42,2.75,BetRight,New Orleans Pelicans,Player Rebounds Over/Under 9.5 - Alperen Sengün (HOU),40858182,Alperen Sengün Over 9.5,Alperen Sengün Under 9.5,1,2,239743907,239743908
Houston Rockets v New Orleans Pelicans,Houston Rockets,New Orleans Pelicans,Player Rebounds,Alperen Sengun,Houston Rockets,10.5,1.7,2.1,BetRight,New Orleans Pelicans,Player Rebounds Over/Under 10.5 - Alperen Sengün (HOU),40858183,Alperen Sengün Over 10.5,Alperen Sengün Under 10.5,1,2,239743909,239743910
Houston Rockets v New Orleans Pelicans,Houston Rockets,New Orleans Pelicans,Player Rebounds,Alperen Sengun,Houston Rockets,11.5,2.1,1.7,BetRight,New Orleans Pelicans,Player Rebounds Over/Under 11.5 - Alperen Sengün (HOU),40858184,Alperen Sengün Over 11.5,Alperen Sengün Under 11.5,1,2,239743911,239743912
Houston Rockets v New Orleans Pelicans,Houston Rockets,New Orleans Pelicans,Player Rebounds,Alperen Sengun,Houston Rockets,12.5,2.63,1.44,BetRight,New Orleans Pelicans,Player Rebounds Over/Under 12.5 - Alperen Sengün (HOU),40858185,Alperen Sengün Over 12.5,Alperen Sengün Under 12.5,1,2,239743913,239743914
Houston Rockets v New Orleans Pelicans,Houston Rockets,New Orleans Pelicans,Player Rebounds,Jabari Smith Jr.,Houston Rockets,5.5,1.22,4.1,BetRight,New Orleans Pelicans,Player Rebounds Over/Under 5.5 - Jabari Smith Jr. (HOU),40858186,Jabari Smith Jr. Over 5.5,Jabari Smith Jr. Under 5.5,1,2,239743915,239743916
Houston Rockets v New Orleans Pelicans,Houston Rockets,New Orleans Pelicans,Player Rebounds,Jabari Smith Jr.,Houston Rockets,6.5,1.44,2.63,BetRight,New Orleans Pelicans,Player Rebounds Over/Under 6.5 - Jabari Smith Jr. (HOU),40858187,Jabari Smith Jr. Over 6.5,Jabari Smith Jr. Under 6.5,1,2,239743917,239743918
Houston Rockets v New Orleans Pelicans,Houston Rockets,New Orleans Pelicans,Player Rebounds,Jabari Smith Jr.,Houston Rockets,7.5,1.78,1.98,BetRight,New Orleans Pelicans,Player Rebounds Over/Under 7.5 - Jabari Smith Jr. (HOU),40858188,Jabari Smith Jr. Over 7.5,Jabari Smith Jr. Under 7.5,1,2,239743919,239743920
Houston Rockets v New Orleans Pelicans,Houston Rockets,New Orleans Pelicans,Player Rebounds,Jabari Smith Jr.,Houston Rockets,8.5,2.3,1.57,BetRight,New Orleans Pelicans,Player Rebounds Over/Under 8.5 - Jabari Smith Jr. (HOU),40858189,Jabari Smith Jr. Over 8.5,Jabari Smith Jr. Under 8.5,1,2,239743921,239743922
Houston Rockets v New Orleans Pelicans,Houston Rockets,New Orleans Pelicans,Player Rebounds,Jabari Smith Jr.,Houston Rockets,9.5,3.25,1.32,BetRight,New Orleans Pelicans,Player Rebounds Over/Under 9.5 - Jabari Smith Jr. (HOU),40858190,Jabari Smith Jr. Over 9.5,Jabari Smith Jr. Under 9.5,1,2,239743923,239743924
Houston Rockets v New Orleans Pelicans,Houston Rockets,New Orleans Pelicans,Player Rebounds,Amen Thompson,Houston Rockets,5.5,1.24,3.8,BetRight,New Orleans Pelicans,Player Rebounds Over/Under 5.5 - Amen Thompson (HOU),40858191,Amen Thompson Over 5.5,Amen Thompson Under 5.5,1,2,239743925,239743926
Houston Rockets v New Orleans Pelicans,Houston Rockets,New Orleans Pelicans,Player Rebounds,Amen Thompson,Houston Rockets,6.5,1.46,2.6,BetRight,New Orleans Pelicans,Player Rebounds Over/Under 6.5 - Amen Thompson (HOU),40858192,Amen Thompson Over 6.5,Amen Thompson Under 6.5,1,2,239743927,239743928
Houston Rockets v New Orleans Pelicans,Houston Rockets,New Orleans Pelicans,Player Rebounds,Amen Thompson,Houston Rockets,7.5,1.85,1.91,BetRight,New Orleans Pelicans,Player Rebounds Over/Under 7.5 - Amen Thompson (HOU),40858193,Amen Thompson Over 7.5,Amen Thompson Under 7.5,1,2,239743929,239743930
Houston Rockets v New Orleans Pelicans,Houston Rockets,New Orleans Pelicans,Player Rebounds,Amen Thompson,Houston Rockets,8.5,2.4,1.5,BetRight,New Orleans Pelicans,Player Rebounds Over/Under 8.5 - Amen Thompson (HOU),40858194,Amen Thompson Over 8.5,Amen Thompson Under 8.5,1,2,239743931,239743932
Houston Rockets v New Orleans Pelicans,Houston Rockets,New Orleans Pelicans,Player Rebounds,Fred VanVleet,Houston Rockets,3.5,1.38,2.9,BetRight,New Orleans Pelicans,Player Rebounds Over/Under 3.5 - Fred VanVleet (HOU),40858198,Fred VanVleet Over 3.5,Fred VanVleet Under 3.5,1,2,239743939,239743940
Houston Rockets v New Orleans Pelicans,Houston Rockets,New Orleans Pelicans,Player Rebounds,Fred VanVleet,Houston Rockets,4.5,1.85,1.92,BetRight,New Orleans Pelicans,Player Rebounds Over/Under 4.5 - Fred VanVleet (HOU),40858200,Fred VanVleet Over 4.5,Fred VanVleet Under 4.5,1,2,239743943,239743944
Houston Rockets v New Orleans Pelicans,Houston Rockets,New Orleans Pelicans,Player Rebounds,Fred VanVleet,Houston Rockets,5.5,2.63,1.45,BetRight,New Orleans Pelicans,Player Rebounds Over/Under 5.5 - Fred VanVleet (HOU),40858201,Fred VanVleet Over 5.5,Fred VanVleet Under 5.5,1,2,239743945,239743946
Houston Rockets v New Orleans Pelicans,Houston Rockets,New Orleans Pelicans,Player Rebounds,Amen Thompson,Houston Rockets,4.5,1.11,6,BetRight,New Orleans Pelicans,Player Rebounds Over/Under 4.5 - Amen Thompson (HOU),40858628,Amen Thompson Over 4.5,Amen Thompson Under 4.5,1,2,239745187,239745188
Dallas Mavericks v Los Angeles Clippers,Dallas Mavericks,Los Angeles Clippers,Player Rebounds,Daniel Gafford,Dallas Mavericks,3.5,1.2,4.2,BetRight,Los Angeles Clippers,Player Rebounds Over/Under 3.5 - Daniel Gafford (DAL),40859275,Daniel Gafford Over 3.5,Daniel Gafford Under 3.5,1,2,239747138,239747137
Dallas Mavericks v Los Angeles Clippers,Dallas Mavericks,Los Angeles Clippers,Player Rebounds,Daniel Gafford,Dallas Mavericks,4.5,1.45,2.63,BetRight,Los Angeles Clippers,Player Rebounds Over/Under 4.5 - Daniel Gafford (DAL),40859276,Daniel Gafford Over 4.5,Daniel Gafford Under 4.5,1,2,239747139,239747140
Dallas Mavericks v Los Angeles Clippers,Dallas Mavericks,Los Angeles Clippers,Player Rebounds,Daniel Gafford,Dallas Mavericks,5.5,1.92,1.85,BetRight,Los Angeles Clippers,Player Rebounds Over/Under 5.5 - Daniel Gafford (DAL),40859277,Daniel Gafford Over 5.5,Daniel Gafford Under 5.5,1,2,239747141,239747142
Dallas Mavericks v Los Angeles Clippers,Dallas Mavericks,Los Angeles Clippers,Player Rebounds,Daniel Gafford,Dallas Mavericks,6.5,2.63,1.44,BetRight,Los Angeles Clippers,Player Rebounds Over/Under 6.5 - Daniel Gafford (DAL),40859278,Daniel Gafford Over 6.5,Daniel Gafford Under 6.5,1,2,239747144,239747143
Dallas Mavericks v Los Angeles Clippers,Dallas Mavericks,Los Angeles Clippers,Player Rebounds,Daniel Gafford,Dallas Mavericks,7.5,4.1,1.21,BetRight,Los Angeles Clippers,Player Rebounds Over/Under 7.5 - Daniel Gafford (DAL),40859279,Daniel Gafford Over 7.5,Daniel Gafford Under 7.5,1,2,239747146,239747145
Dallas Mavericks v Los Angeles Clippers,Dallas Mavericks,Los Angeles Clippers,Player Rebounds,Kyrie Irving,Dallas Mavericks,2.5,1.21,4.1,BetRight,Los Angeles Clippers,Player Rebounds Over/Under 2.5 - Kyrie Irving (DAL),40859280,Kyrie Irving Over 2.5,Kyrie Irving Under 2.5,1,2,239747148,239747147
Dallas Mavericks v Los Angeles Clippers,Dallas Mavericks,Los Angeles Clippers,Player Rebounds,Kyrie Irving,Dallas Mavericks,3.5,1.53,2.4,BetRight,Los Angeles Clippers,Player Rebounds Over/Under 3.5 - Kyrie Irving (DAL),40859281,Kyrie Irving Over 3.5,Kyrie Irving Under 3.5,1,2,239747149,239747150
Dallas Mavericks v Los Angeles Clippers,Dallas Mavericks,Los Angeles Clippers,Player Rebounds,Kyrie Irving,Dallas Mavericks,4.5,2.15,1.67,BetRight,Los Angeles Clippers,Player Rebounds Over/Under 4.5 - Kyrie Irving (DAL),40859282,Kyrie Irving Over 4.5,Kyrie Irving Under 4.5,1,2,239747151,239747152
Dallas Mavericks v Los Angeles Clippers,Dallas Mavericks,Los Angeles Clippers,Player Rebounds,Naji Marshall,Dallas Mavericks,2.5,1.21,4.2,BetRight,Los Angeles Clippers,Player Rebounds Over/Under 2.5 - Naji Marshall (DAL),40859283,Naji Marshall Over 2.5,Naji Marshall Under 2.5,1,2,239747154,239747153
Dallas Mavericks v Los Angeles Clippers,Dallas Mavericks,Los Angeles Clippers,Player Rebounds,Naji Marshall,Dallas Mavericks,3.5,1.53,2.4,BetRight,Los Angeles Clippers,Player Rebounds Over/Under 3.5 - Naji Marshall (DAL),40859284,Naji Marshall Over 3.5,Naji Marshall Under 3.5,1,2,239747156,239747155
Dallas Mavericks v Los Angeles Clippers,Dallas Mavericks,Los Angeles Clippers,Player Rebounds,Naji Marshall,Dallas Mavericks,4.5,2.1,1.7,BetRight,Los Angeles Clippers,Player Rebounds Over/Under 4.5 - Naji Marshall (DAL),40859285,Naji Marshall Over 4.5,Naji Marshall Under 4.5,1,2,239747157,239747158
Dallas Mavericks v Los Angeles Clippers,Dallas Mavericks,Los Angeles Clippers,Player Rebounds,Klay Thompson,Dallas Mavericks,1.5,1.15,5,BetRight,Los Angeles Clippers,Player Rebounds Over/Under 1.5 - Klay Thompson (DAL),40859286,Klay Thompson Over 1.5,Klay Thompson Under 1.5,1,2,239747160,239747159
Dallas Mavericks v Los Angeles Clippers,Dallas Mavericks,Los Angeles Clippers,Player Rebounds,Klay Thompson,Dallas Mavericks,2.5,1.46,2.6,BetRight,Los Angeles Clippers,Player Rebounds Over/Under 2.5 - Klay Thompson (DAL),40859287,Klay Thompson Over 2.5,Klay Thompson Under 2.5,1,2,239747161,239747162
Dallas Mavericks v Los Angeles Clippers,Dallas Mavericks,Los Angeles Clippers,Player Rebounds,Klay Thompson,Dallas Mavericks,3.5,2.15,1.65,BetRight,Los Angeles Clippers,Player Rebounds Over/Under 3.5 - Klay Thompson (DAL),40859288,Klay Thompson Over 3.5,Klay Thompson Under 3.5,1,2,239747164,239747163
Dallas Mavericks v Los Angeles Clippers,Dallas Mavericks,Los Angeles Clippers,Player Rebounds,P.J. Washington,Dallas Mavericks,5.5,1.21,4.1,BetRight,Los Angeles Clippers,Player Rebounds Over/Under 5.5 - P.J. Washington (DAL),40859289,P.J. Washington Over 5.5,P.J. Washington Under 5.5,1,2,239747166,239747165
Dallas Mavericks v Los Angeles Clippers,Dallas Mavericks,Los Angeles Clippers,Player Rebounds,P.J. Washington,Dallas Mavericks,6.5,1.42,2.8,BetRight,Los Angeles Clippers,Player Rebounds Over/Under 6.5 - P.J. Washington (DAL),40859290,P.J. Washington Over 6.5,P.J. Washington Under 6.5,1,2,239747167,239747168
Dallas Mavericks v Los Angeles Clippers,Dallas Mavericks,Los Angeles Clippers,Player Rebounds,P.J. Washington,Dallas Mavericks,7.5,1.75,2,BetRight,Los Angeles Clippers,Player Rebounds Over/Under 7.5 - P.J. Washington (DAL),40859291,P.J. Washington Over 7.5,P.J. Washington Under 7.5,1,2,239747169,239747170
Dallas Mavericks v Los Angeles Clippers,Dallas Mavericks,Los Angeles Clippers,Player Rebounds,P.J. Washington,Dallas Mavericks,8.5,2.25,1.6,BetRight,Los Angeles Clippers,Player Rebounds Over/Under 8.5 - P.J. Washington (DAL),40859292,P.J. Washington Over 8.5,P.J. Washington Under 8.5,1,2,239747172,239747171
Dallas Mavericks v Los Angeles Clippers,Dallas Mavericks,Los Angeles Clippers,Player Rebounds,P.J. Washington,Dallas Mavericks,9.5,3.1,1.33,BetRight,Los Angeles Clippers,Player Rebounds Over/Under 9.5 - P.J. Washington (DAL),40859293,P.J. Washington Over 9.5,P.J. Washington Under 9.5,1,2,239747174,239747173
Dallas Mavericks v Los Angeles Clippers,Dallas Mavericks,Los Angeles Clippers,Player Rebounds,Kris Dunn,Los Angeles Clippers,1.5,1.17,4.75,BetRight,Dallas Mavericks,Player Rebounds Over/Under 1.5 - Kris Dunn (LAC),40859294,Kris Dunn Over 1.5,Kris Dunn Under 1.5,1,2,239747175,239747176
Dallas Mavericks v Los Angeles Clippers,Dallas Mavericks,Los Angeles Clippers,Player Rebounds,Kris Dunn,Los Angeles Clippers,2.5,1.5,2.5,BetRight,Dallas Mavericks,Player Rebounds Over/Under 2.5 - Kris Dunn (LAC),40859295,Kris Dunn Over 2.5,Kris Dunn Under 2.5,1,2,239747177,239747178
Dallas Mavericks v Los Angeles Clippers,Dallas Mavericks,Los Angeles Clippers,Player Rebounds,Kris Dunn,Los Angeles Clippers,3.5,2.15,1.67,BetRight,Dallas Mavericks,Player Rebounds Over/Under 3.5 - Kris Dunn (LAC),40859296,Kris Dunn Over 3.5,Kris Dunn Under 3.5,1,2,239747179,239747180
Dallas Mavericks v Los Angeles Clippers,Dallas Mavericks,Los Angeles Clippers,Player Rebounds,James Harden,Los Angeles Clippers,2.5,1.09,6.75,BetRight,Dallas Mavericks,Player Rebounds Over/Under 2.5 - James Harden (LAC),40859297,James Harden Over 2.5,James Harden Under 2.5,1,2,239747182,239747181
Dallas Mavericks v Los Angeles Clippers,Dallas Mavericks,Los Angeles Clippers,Player Rebounds,James Harden,Los Angeles Clippers,3.5,1.25,3.8,BetRight,Dallas Mavericks,Player Rebounds Over/Under 3.5 - James Harden (LAC),40859298,James Harden Over 3.5,James Harden Under 3.5,1,2,239747184,239747183
Dallas Mavericks v Los Angeles Clippers,Dallas Mavericks,Los Angeles Clippers,Player Rebounds,James Harden,Los Angeles Clippers,4.5,1.53,2.4,BetRight,Dallas Mavericks,Player Rebounds Over/Under 4.5 - James Harden (LAC),40859299,James Harden Over 4.5,James Harden Under 4.5,1,2,239747185,239747186
Dallas Mavericks v Los Angeles Clippers,Dallas Mavericks,Los Angeles Clippers,Player Rebounds,James Harden,Los Angeles Clippers,5.5,2,1.73,BetRight,Dallas Mavericks,Player Rebounds Over/Under 5.5 - James Harden (LAC),40859300,James Harden Over 5.5,James Harden Under 5.5,1,2,239747187,239747188
Dallas Mavericks v Los Angeles Clippers,Dallas Mavericks,Los Angeles Clippers,Player Rebounds,James Harden,Los Angeles Clippers,6.5,2.9,1.38,BetRight,Dallas Mavericks,Player Rebounds Over/Under 6.5 - James Harden (LAC),40859301,James Harden Over 6.5,James Harden Under 6.5,1,2,239747190,239747189
Dallas Mavericks v Los Angeles Clippers,Dallas Mavericks,Los Angeles Clippers,Player Rebounds,Kevin Porter Jr.,Los Angeles Clippers,1.5,1.18,4.6,BetRight,Dallas Mavericks,Player Rebounds Over/Under 1.5 - Kevin Porter Jr. (LAC),40859302,Kevin Porter Jr. Over 1.5,Kevin Porter Jr. Under 1.5,1,2,239747192,239747191
Dallas Mavericks v Los Angeles Clippers,Dallas Mavericks,Los Angeles Clippers,Player Rebounds,Kevin Porter Jr.,Los Angeles Clippers,2.5,1.53,2.4,BetRight,Dallas Mavericks,Player Rebounds Over/Under 2.5 - Kevin Porter Jr. (LAC),40859303,Kevin Porter Jr. Over 2.5,Kevin Porter Jr. Under 2.5,1,2,239747194,239747193
Dallas Mavericks v Los Angeles Clippers,Dallas Mavericks,Los Angeles Clippers,Player Rebounds,Kevin Porter Jr.,Los Angeles Clippers,3.5,2.25,1.6,BetRight,Dallas Mavericks,Player Rebounds Over/Under 3.5 - Kevin Porter Jr. (LAC),40859304,Kevin Porter Jr. Over 3.5,Kevin Porter Jr. Under 3.5,1,2,239747195,239747196
Dallas Mavericks v Los Angeles Clippers,Dallas Mavericks,Los Angeles Clippers,Player Rebounds,Norman Powell,Los Angeles Clippers,1.5,1.2,4.2,BetRight,Dallas Mavericks,Player Rebounds Over/Under 1.5 - Norman Powell (LAC),40859305,Norman Powell Over 1.5,Norman Powell Under 1.5,1,2,239747197,239747198
Dallas Mavericks v Los Angeles Clippers,Dallas Mavericks,Los Angeles Clippers,Player Rebounds,Norman Powell,Los Angeles Clippers,2.5,1.6,2.25,BetRight,Dallas Mavericks,Player Rebounds Over/Under 2.5 - Norman Powell (LAC),40859306,Norman Powell Over 2.5,Norman Powell Under 2.5,1,2,239747200,239747199
Dallas Mavericks v Los Angeles Clippers,Dallas Mavericks,Los Angeles Clippers,Player Rebounds,Norman Powell,Los Angeles Clippers,3.5,2.4,1.53,BetRight,Dallas Mavericks,Player Rebounds Over/Under 3.5 - Norman Powell (LAC),40859307,Norman Powell Over 3.5,Norman Powell Under 3.5,1,2,239747202,239747201
Dallas Mavericks v Los Angeles Clippers,Dallas Mavericks,Los Angeles Clippers,Player Rebounds,Ivica Zubac,Los Angeles Clippers,9.5,1.35,3,BetRight,Dallas Mavericks,Player Rebounds Over/Under 9.5 - Ivica Zubac (LAC),40859308,Ivica Zubac Over 9.5,Ivica Zubac Under 9.5,1,2,239747203,239747204
Dallas Mavericks v Los Angeles Clippers,Dallas Mavericks,Los Angeles Clippers,Player Rebounds,Ivica Zubac,Los Angeles Clippers,10.5,1.57,2.3,BetRight,Dallas Mavericks,Player Rebounds Over/Under 10.5 - Ivica Zubac (LAC),40859309,Ivica Zubac Over 10.5,Ivica Zubac Under 10.5,1,2,239747205,239747206
Dallas Mavericks v Los Angeles Clippers,Dallas Mavericks,Los Angeles Clippers,Player Rebounds,Ivica Zubac,Los Angeles Clippers,11.5,1.92,1.85,BetRight,Dallas Mavericks,Player Rebounds Over/Under 11.5 - Ivica Zubac (LAC),40859310,Ivica Zubac Over 11.5,Ivica Zubac Under 11.5,1,2,239747208,239747207
Dallas Mavericks v Los Angeles Clippers,Dallas Mavericks,Los Angeles Clippers,Player Rebounds,Ivica Zubac,Los Angeles Clippers,12.5,2.4,1.53,BetRight,Dallas Mavericks,Player Rebounds Over/Under 12.5 - Ivica Zubac (LAC),40859311,Ivica Zubac Over 12.5,Ivica Zubac Under 12.5,1,2,239747210,239747209
Dallas Mavericks v Los Angeles Clippers,Dallas Mavericks,Los Angeles Clippers,Player Rebounds,Ivica Zubac,Los Angeles Clippers,13.5,3.1,1.33,BetRight,Dallas Mavericks,Player Rebounds Over/Under 13.5 - Ivica Zubac (LAC),40859312,Ivica Zubac Over 13.5,Ivica Zubac Under 13.5,1,2,239747212,239747211
Phoenix Suns v Indiana Pacers,Phoenix Suns,Indiana Pacers,Player Rebounds,Grayson Allen,Phoenix Suns,1.5,1.24,3.8,BetRight,Indiana Pacers,Player Rebounds Over/Under 1.5 - Grayson Allen (PHO),40858869,Grayson Allen Over 1.5,Grayson Allen Under 1.5,1,2,239745909,239745910
Phoenix Suns v Indiana Pacers,Phoenix Suns,Indiana Pacers,Player Rebounds,Grayson Allen,Phoenix Suns,2.5,1.73,2.05,BetRight,Indiana Pacers,Player Rebounds Over/Under 2.5 - Grayson Allen (PHO),40858870,Grayson Allen Over 2.5,Grayson Allen Under 2.5,1,2,239745911,239745912
Phoenix Suns v Indiana Pacers,Phoenix Suns,Indiana Pacers,Player Rebounds,Grayson Allen,Phoenix Suns,3.5,2.63,1.42,BetRight,Indiana Pacers,Player Rebounds Over/Under 3.5 - Grayson Allen (PHO),40858871,Grayson Allen Over 3.5,Grayson Allen Under 3.5,1,2,239745913,239745914
Phoenix Suns v Indiana Pacers,Phoenix Suns,Indiana Pacers,Player Rebounds,Bradley Beal,Phoenix Suns,2.5,1.24,3.8,BetRight,Indiana Pacers,Player Rebounds Over/Under 2.5 - Bradley Beal (PHO),40858872,Bradley Beal Over 2.5,Bradley Beal Under 2.5,1,2,239745915,239745916
Phoenix Suns v Indiana Pacers,Phoenix Suns,Indiana Pacers,Player Rebounds,Bradley Beal,Phoenix Suns,3.5,1.57,2.3,BetRight,Indiana Pacers,Player Rebounds Over/Under 3.5 - Bradley Beal (PHO),40858873,Bradley Beal Over 3.5,Bradley Beal Under 3.5,1,2,239745917,239745918
Phoenix Suns v Indiana Pacers,Phoenix Suns,Indiana Pacers,Player Rebounds,Bradley Beal,Phoenix Suns,4.5,2.25,1.6,BetRight,Indiana Pacers,Player Rebounds Over/Under 4.5 - Bradley Beal (PHO),40858874,Bradley Beal Over 4.5,Bradley Beal Under 4.5,1,2,239745919,239745920
Phoenix Suns v Indiana Pacers,Phoenix Suns,Indiana Pacers,Player Rebounds,Devin Booker,Phoenix Suns,2.5,1.3,3.3,BetRight,Indiana Pacers,Player Rebounds Over/Under 2.5 - Devin Booker (PHO),40858875,Devin Booker Over 2.5,Devin Booker Under 2.5,1,2,239745921,239745922
Phoenix Suns v Indiana Pacers,Phoenix Suns,Indiana Pacers,Player Rebounds,Devin Booker,Phoenix Suns,3.5,1.78,2,BetRight,Indiana Pacers,Player Rebounds Over/Under 3.5 - Devin Booker (PHO),40858876,Devin Booker Over 3.5,Devin Booker Under 3.5,1,2,239745923,239745924
Phoenix Suns v Indiana Pacers,Phoenix Suns,Indiana Pacers,Player Rebounds,Devin Booker,Phoenix Suns,4.5,2.63,1.45,BetRight,Indiana Pacers,Player Rebounds Over/Under 4.5 - Devin Booker (PHO),40858877,Devin Booker Over 4.5,Devin Booker Under 4.5,1,2,239745926,239745925
Phoenix Suns v Indiana Pacers,Phoenix Suns,Indiana Pacers,Player Rebounds,Kevin Durant,Phoenix Suns,4.5,1.22,4,BetRight,Indiana Pacers,Player Rebounds Over/Under 4.5 - Kevin Durant (PHO),40858879,Kevin Durant Over 4.5,Kevin Durant Under 4.5,1,2,239745930,239745929
Phoenix Suns v Indiana Pacers,Phoenix Suns,Indiana Pacers,Player Rebounds,Kevin Durant,Phoenix Suns,5.5,1.46,2.6,BetRight,Indiana Pacers,Player Rebounds Over/Under 5.5 - Kevin Durant (PHO),40858880,Kevin Durant Over 5.5,Kevin Durant Under 5.5,1,2,239745932,239745931
Phoenix Suns v Indiana Pacers,Phoenix Suns,Indiana Pacers,Player Rebounds,Kevin Durant,Phoenix Suns,6.5,1.88,1.88,BetRight,Indiana Pacers,Player Rebounds Over/Under 6.5 - Kevin Durant (PHO),40858881,Kevin Durant Over 6.5,Kevin Durant Under 6.5,1,2,239745934,239745933
Phoenix Suns v Indiana Pacers,Phoenix Suns,Indiana Pacers,Player Rebounds,Kevin Durant,Phoenix Suns,7.5,2.5,1.48,BetRight,Indiana Pacers,Player Rebounds Over/Under 7.5 - Kevin Durant (PHO),40858882,Kevin Durant Over 7.5,Kevin Durant Under 7.5,1,2,239745936,239745935
Phoenix Suns v Indiana Pacers,Phoenix Suns,Indiana Pacers,Player Rebounds,Tyus Jones,Phoenix Suns,1.5,1.3,3.4,BetRight,Indiana Pacers,Player Rebounds Over/Under 1.5 - Tyus Jones (PHO),40858883,Tyus Jones Over 1.5,Tyus Jones Under 1.5,1,2,239745938,239745937
Phoenix Suns v Indiana Pacers,Phoenix Suns,Indiana Pacers,Player Rebounds,Tyus Jones,Phoenix Suns,2.5,1.86,1.88,BetRight,Indiana Pacers,Player Rebounds Over/Under 2.5 - Tyus Jones (PHO),40858884,Tyus Jones Over 2.5,Tyus Jones Under 2.5,1,2,239745940,239745939
Phoenix Suns v Indiana Pacers,Phoenix Suns,Indiana Pacers,Player Rebounds,Tyus Jones,Phoenix Suns,3.5,3.1,1.35,BetRight,Indiana Pacers,Player Rebounds Over/Under 3.5 - Tyus Jones (PHO),40858885,Tyus Jones Over 3.5,Tyus Jones Under 3.5,1,2,239745942,239745941
Phoenix Suns v Indiana Pacers,Phoenix Suns,Indiana Pacers,Player Rebounds,Royce O'Neale,Phoenix Suns,3.5,1.26,3.6,BetRight,Indiana Pacers,Player Rebounds Over/Under 3.5 - Royce O'Neale (PHO),40858886,Royce O'Neale Over 3.5,Royce O'Neale Under 3.5,1,2,239745944,239745943
Phoenix Suns v Indiana Pacers,Phoenix Suns,Indiana Pacers,Player Rebounds,Royce O'Neale,Phoenix Suns,4.5,1.6,2.25,BetRight,Indiana Pacers,Player Rebounds Over/Under 4.5 - Royce O'Neale (PHO),40858887,Royce O'Neale Over 4.5,Royce O'Neale Under 4.5,1,2,239745946,239745945
Phoenix Suns v Indiana Pacers,Phoenix Suns,Indiana Pacers,Player Rebounds,Royce O'Neale,Phoenix Suns,5.5,2.15,1.65,BetRight,Indiana Pacers,Player Rebounds Over/Under 5.5 - Royce O'Neale (PHO),40858888,Royce O'Neale Over 5.5,Royce O'Neale Under 5.5,1,2,239745948,239745947
Phoenix Suns v Indiana Pacers,Phoenix Suns,Indiana Pacers,Player Rebounds,Tyrese Haliburton,Indiana Pacers,2.5,1.42,2.75,BetRight,Phoenix Suns,Player Rebounds Over/Under 2.5 - Tyrese Haliburton (IND),40858889,Tyrese Haliburton Over 2.5,Tyrese Haliburton Under 2.5,1,2,239745950,239745949
Phoenix Suns v Indiana Pacers,Phoenix Suns,Indiana Pacers,Player Rebounds,Tyrese Haliburton,Indiana Pacers,3.5,2,1.75,BetRight,Phoenix Suns,Player Rebounds Over/Under 3.5 - Tyrese Haliburton (IND),40858890,Tyrese Haliburton Over 3.5,Tyrese Haliburton Under 3.5,1,2,239745952,239745951
Phoenix Suns v Indiana Pacers,Phoenix Suns,Indiana Pacers,Player Rebounds,Tyrese Haliburton,Indiana Pacers,4.5,3.25,1.32,BetRight,Phoenix Suns,Player Rebounds Over/Under 4.5 - Tyrese Haliburton (IND),40858891,Tyrese Haliburton Over 4.5,Tyrese Haliburton Under 4.5,1,2,239745954,239745953
Phoenix Suns v Indiana Pacers,Phoenix Suns,Indiana Pacers,Player Rebounds,Bennedict Mathurin,Indiana Pacers,3.5,1.15,5,BetRight,Phoenix Suns,Player Rebounds Over/Under 3.5 - Bennedict Mathurin (IND),40858892,Bennedict Mathurin Over 3.5,Bennedict Mathurin Under 3.5,1,2,239745956,239745955
Phoenix Suns v Indiana Pacers,Phoenix Suns,Indiana Pacers,Player Rebounds,Bennedict Mathurin,Indiana Pacers,4.5,1.36,3,BetRight,Phoenix Suns,Player Rebounds Over/Under 4.5 - Bennedict Mathurin (IND),40858893,Bennedict Mathurin Over 4.5,Bennedict Mathurin Under 4.5,1,2,239745958,239745957
Phoenix Suns v Indiana Pacers,Phoenix Suns,Indiana Pacers,Player Rebounds,Bennedict Mathurin,Indiana Pacers,5.5,1.73,2.05,BetRight,Phoenix Suns,Player Rebounds Over/Under 5.5 - Bennedict Mathurin (IND),40858894,Bennedict Mathurin Over 5.5,Bennedict Mathurin Under 5.5,1,2,239745960,239745959
Phoenix Suns v Indiana Pacers,Phoenix Suns,Indiana Pacers,Player Rebounds,Bennedict Mathurin,Indiana Pacers,6.5,2.4,1.53,BetRight,Phoenix Suns,Player Rebounds Over/Under 6.5 - Bennedict Mathurin (IND),40858895,Bennedict Mathurin Over 6.5,Bennedict Mathurin Under 6.5,1,2,239745962,239745961
Phoenix Suns v Indiana Pacers,Phoenix Suns,Indiana Pacers,Player Rebounds,Bennedict Mathurin,Indiana Pacers,7.5,3.6,1.26,BetRight,Phoenix Suns,Player Rebounds Over/Under 7.5 - Bennedict Mathurin (IND),40858896,Bennedict Mathurin Over 7.5,Bennedict Mathurin Under 7.5,1,2,239745964,239745963
Phoenix Suns v Indiana Pacers,Phoenix Suns,Indiana Pacers,Player Rebounds,T.J. McConnell,Indiana Pacers,1.5,1.18,4.33,BetRight,Phoenix Suns,Player Rebounds Over/Under 1.5 - T.J. McConnell (IND),40858897,T.J. McConnell Over 1.5,T.J. McConnell Under 1.5,1,2,239745966,239745965
Phoenix Suns v Indiana Pacers,Phoenix Suns,Indiana Pacers,Player Rebounds,T.J. McConnell,Indiana Pacers,2.5,1.57,2.3,BetRight,Phoenix Suns,Player Rebounds Over/Under 2.5 - T.J. McConnell (IND),40858898,T.J. McConnell Over 2.5,T.J. McConnell Under 2.5,1,2,239745968,239745967
Phoenix Suns v Indiana Pacers,Phoenix Suns,Indiana Pacers,Player Rebounds,T.J. McConnell,Indiana Pacers,3.5,2.4,1.53,BetRight,Phoenix Suns,Player Rebounds Over/Under 3.5 - T.J. McConnell (IND),40858899,T.J. McConnell Over 3.5,T.J. McConnell Under 3.5,1,2,239745970,239745969
Phoenix Suns v Indiana Pacers,Phoenix Suns,Indiana Pacers,Player Rebounds,Andrew Nembhard,Indiana Pacers,1.5,1.26,3.6,BetRight,Phoenix Suns,Player Rebounds Over/Under 1.5 - Andrew Nembhard (IND),40858900,Andrew Nembhard Over 1.5,Andrew Nembhard Under 1.5,1,2,239745972,239745971
Phoenix Suns v Indiana Pacers,Phoenix Suns,Indiana Pacers,Player Rebounds,Andrew Nembhard,Indiana Pacers,2.5,1.78,1.98,BetRight,Phoenix Suns,Player Rebounds Over/Under 2.5 - Andrew Nembhard (IND),40858901,Andrew Nembhard Over 2.5,Andrew Nembhard Under 2.5,1,2,239745974,239745973
Phoenix Suns v Indiana Pacers,Phoenix Suns,Indiana Pacers,Player Rebounds,Andrew Nembhard,Indiana Pacers,3.5,2.9,1.38,BetRight,Phoenix Suns,Player Rebounds Over/Under 3.5 - Andrew Nembhard (IND),40858902,Andrew Nembhard Over 3.5,Andrew Nembhard Under 3.5,1,2,239745976,239745975
Phoenix Suns v Indiana Pacers,Phoenix Suns,Indiana Pacers,Player Rebounds,Pascal Siakam,Indiana Pacers,4.5,1.21,4.2,BetRight,Phoenix Suns,Player Rebounds Over/Under 4.5 - Pascal Siakam (IND),40858903,Pascal Siakam Over 4.5,Pascal Siakam Under 4.5,1,2,239745978,239745977
Phoenix Suns v Indiana Pacers,Phoenix Suns,Indiana Pacers,Player Rebounds,Pascal Siakam,Indiana Pacers,5.5,1.44,2.63,BetRight,Phoenix Suns,Player Rebounds Over/Under 5.5 - Pascal Siakam (IND),40858904,Pascal Siakam Over 5.5,Pascal Siakam Under 5.5,1,2,239745980,239745979
Phoenix Suns v Indiana Pacers,Phoenix Suns,Indiana Pacers,Player Rebounds,Pascal Siakam,Indiana Pacers,6.5,1.83,1.92,BetRight,Phoenix Suns,Player Rebounds Over/Under 6.5 - Pascal Siakam (IND),40858905,Pascal Siakam Over 6.5,Pascal Siakam Under 6.5,1,2,239745982,239745981
Phoenix Suns v Indiana Pacers,Phoenix Suns,Indiana Pacers,Player Rebounds,Pascal Siakam,Indiana Pacers,7.5,2.5,1.5,BetRight,Phoenix Suns,Player Rebounds Over/Under 7.5 - Pascal Siakam (IND),40858906,Pascal Siakam Over 7.5,Pascal Siakam Under 7.5,1,2,239745984,239745983
Phoenix Suns v Indiana Pacers,Phoenix Suns,Indiana Pacers,Player Rebounds,Pascal Siakam,Indiana Pacers,8.5,3.6,1.26,BetRight,Phoenix Suns,Player Rebounds Over/Under 8.5 - Pascal Siakam (IND),40858907,Pascal Siakam Over 8.5,Pascal Siakam Under 8.5,1,2,239745986,239745985
Phoenix Suns v Indiana Pacers,Phoenix Suns,Indiana Pacers,Player Rebounds,Obi Toppin,Indiana Pacers,3.5,1.42,2.75,BetRight,Phoenix Suns,Player Rebounds Over/Under 3.5 - Obi Toppin (IND),40858908,Obi Toppin Over 3.5,Obi Toppin Under 3.5,1,2,239745988,239745987
Phoenix Suns v Indiana Pacers,Phoenix Suns,Indiana Pacers,Player Rebounds,Obi Toppin,Indiana Pacers,4.5,1.94,1.82,BetRight,Phoenix Suns,Player Rebounds Over/Under 4.5 - Obi Toppin (IND),40858909,Obi Toppin Over 4.5,Obi Toppin Under 4.5,1,2,239745990,239745989
Phoenix Suns v Indiana Pacers,Phoenix Suns,Indiana Pacers,Player Rebounds,Obi Toppin,Indiana Pacers,5.5,2.9,1.38,BetRight,Phoenix Suns,Player Rebounds Over/Under 5.5 - Obi Toppin (IND),40858910,Obi Toppin Over 5.5,Obi Toppin Under 5.5,1,2,239745992,239745991
Phoenix Suns v Indiana Pacers,Phoenix Suns,Indiana Pacers,Player Rebounds,Myles Turner,Indiana Pacers,4.5,1.21,4.2,BetRight,Phoenix Suns,Player Rebounds Over/Under 4.5 - Myles Turner (IND),40858911,Myles Turner Over 4.5,Myles Turner Under 4.5,1,2,239745994,239745993
Phoenix Suns v Indiana Pacers,Phoenix Suns,Indiana Pacers,Player Rebounds,Myles Turner,Indiana Pacers,5.5,1.42,2.63,BetRight,Phoenix Suns,Player Rebounds Over/Under 5.5 - Myles Turner (IND),40858912,Myles Turner Over 5.5,Myles Turner Under 5.5,1,2,239745996,239745995
Phoenix Suns v Indiana Pacers,Phoenix Suns,Indiana Pacers,Player Rebounds,Myles Turner,Indiana Pacers,6.5,1.83,1.94,BetRight,Phoenix Suns,Player Rebounds Over/Under 6.5 - Myles Turner (IND),40858913,Myles Turner Over 6.5,Myles Turner Under 6.5,1,2,239745998,239745997
Phoenix Suns v Indiana Pacers,Phoenix Suns,Indiana Pacers,Player Rebounds,Myles Turner,Indiana Pacers,7.5,2.4,1.5,BetRight,Phoenix Suns,Player Rebounds Over/Under 7.5 - Myles Turner (IND),40858914,Myles Turner Over 7.5,Myles Turner Under 7.5,1,2,239746000,239745999
Phoenix Suns v Indiana Pacers,Phoenix Suns,Indiana Pacers,Player Rebounds,Myles Turner,Indiana Pacers,8.5,3.5,1.26,BetRight,Phoenix Suns,Player Rebounds Over/Under 8.5 - Myles Turner (IND),40858915,Myles Turner Over 8.5,Myles Turner Under 8.5,1,2,239746002,239746001
Phoenix Suns v Indiana Pacers,Phoenix Suns,Indiana Pacers,Player Rebounds,Jarace Walker,Indiana Pacers,2.5,1.21,4.2,BetRight,Phoenix Suns,Player Rebounds Over/Under 2.5 - Jarace Walker (IND),40858916,Jarace Walker Over 2.5,Jarace Walker Under 2.5,1,2,239746004,239746003
Phoenix Suns v Indiana Pacers,Phoenix Suns,Indiana Pacers,Player Rebounds,Jarace Walker,Indiana Pacers,3.5,1.53,2.4,BetRight,Phoenix Suns,Player Rebounds Over/Under 3.5 - Jarace Walker (IND),40858917,Jarace Walker Over 3.5,Jarace Walker Under 3.5,1,2,239746006,239746005
Phoenix Suns v Indiana Pacers,Phoenix Suns,Indiana Pacers,Player Rebounds,Jarace Walker,Indiana Pacers,4.5,2.15,1.65,BetRight,Phoenix Suns,Player Rebounds Over/Under 4.5 - Jarace Walker (IND),40858918,Jarace Walker Over 4.5,Jarace Walker Under 4.5,1,2,239746008,239746007
Phoenix Suns v Indiana Pacers,Phoenix Suns,Indiana Pacers,Player Rebounds,Kevin Durant,Phoenix Suns,8.5,3.6,1.26,BetRight,Indiana Pacers,Player Rebounds Over/Under 8.5 - Kevin Durant (PHO),40860096,Kevin Durant Over 8.5,Kevin Durant Under 8.5,1,2,239749415,239749416
Phoenix Suns v Indiana Pacers,Phoenix Suns,Indiana Pacers,Player Rebounds,Royce O'Neale,Phoenix Suns,2.5,1.1,6.25,BetRight,Indiana Pacers,Player Rebounds Over/Under 2.5 - Royce O'Neale (PHO),40860694,Royce O'Neale Over 2.5,Royce O'Neale Under 2.5,1,2,239752862,239752863
Phoenix Suns v Indiana Pacers,Phoenix Suns,Indiana Pacers,Player Rebounds,Royce O'Neale,Phoenix Suns,6.5,3.2,1.33,BetRight,Indiana Pacers,Player Rebounds Over/Under 6.5 - Royce O'Neale (PHO),40860695,Royce O'Neale Over 6.5,Royce O'Neale Under 6.5,1,2,239752864,239752865
Minnesota Timberwolves v New York Knicks,Minnesota Timberwolves,New York Knicks,Player Rebounds,Mike Conley,Minnesota Timberwolves,1.5,1.22,4,BetRight,New York Knicks,Player Rebounds Over/Under 1.5 - Mike Conley (MIN),40859074,Mike Conley Over 1.5,Mike Conley Under 1.5,1,2,239746345,239746346
Minnesota Timberwolves v New York Knicks,Minnesota Timberwolves,New York Knicks,Player Rebounds,Mike Conley,Minnesota Timberwolves,2.5,1.67,2.15,BetRight,New York Knicks,Player Rebounds Over/Under 2.5 - Mike Conley (MIN),40859075,Mike Conley Over 2.5,Mike Conley Under 2.5,1,2,239746347,239746348
Minnesota Timberwolves v New York Knicks,Minnesota Timberwolves,New York Knicks,Player Rebounds,Mike Conley,Minnesota Timberwolves,3.5,2.5,1.48,BetRight,New York Knicks,Player Rebounds Over/Under 3.5 - Mike Conley (MIN),40859076,Mike Conley Over 3.5,Mike Conley Under 3.5,1,2,239746349,239746350
Minnesota Timberwolves v New York Knicks,Minnesota Timberwolves,New York Knicks,Player Rebounds,Donte DiVincenzo,Minnesota Timberwolves,1.5,1.26,3.5,BetRight,New York Knicks,Player Rebounds Over/Under 1.5 - Donte DiVincenzo (MIN),40859077,Donte DiVincenzo Over 1.5,Donte DiVincenzo Under 1.5,1,2,239746351,239746352
Minnesota Timberwolves v New York Knicks,Minnesota Timberwolves,New York Knicks,Player Rebounds,Donte DiVincenzo,Minnesota Timberwolves,2.5,1.83,1.94,BetRight,New York Knicks,Player Rebounds Over/Under 2.5 - Donte DiVincenzo (MIN),40859078,Donte DiVincenzo Over 2.5,Donte DiVincenzo Under 2.5,1,2,239746353,239746354
Minnesota Timberwolves v New York Knicks,Minnesota Timberwolves,New York Knicks,Player Rebounds,Donte DiVincenzo,Minnesota Timberwolves,3.5,2.9,1.36,BetRight,New York Knicks,Player Rebounds Over/Under 3.5 - Donte DiVincenzo (MIN),40859079,Donte DiVincenzo Over 3.5,Donte DiVincenzo Under 3.5,1,2,239746355,239746356
Minnesota Timberwolves v New York Knicks,Minnesota Timberwolves,New York Knicks,Player Rebounds,Anthony Edwards,Minnesota Timberwolves,2.5,1.09,6.5,BetRight,New York Knicks,Player Rebounds Over/Under 2.5 - Anthony Edwards (MIN),40859080,Anthony Edwards Over 2.5,Anthony Edwards Under 2.5,1,2,239746357,239746358
Minnesota Timberwolves v New York Knicks,Minnesota Timberwolves,New York Knicks,Player Rebounds,Anthony Edwards,Minnesota Timberwolves,3.5,1.25,3.8,BetRight,New York Knicks,Player Rebounds Over/Under 3.5 - Anthony Edwards (MIN),40859081,Anthony Edwards Over 3.5,Anthony Edwards Under 3.5,1,2,239746359,239746360
Minnesota Timberwolves v New York Knicks,Minnesota Timberwolves,New York Knicks,Player Rebounds,Anthony Edwards,Minnesota Timberwolves,4.5,1.55,2.4,BetRight,New York Knicks,Player Rebounds Over/Under 4.5 - Anthony Edwards (MIN),40859082,Anthony Edwards Over 4.5,Anthony Edwards Under 4.5,1,2,239746361,239746362
Minnesota Timberwolves v New York Knicks,Minnesota Timberwolves,New York Knicks,Player Rebounds,Anthony Edwards,Minnesota Timberwolves,5.5,2.05,1.73,BetRight,New York Knicks,Player Rebounds Over/Under 5.5 - Anthony Edwards (MIN),40859083,Anthony Edwards Over 5.5,Anthony Edwards Under 5.5,1,2,239746363,239746364
Minnesota Timberwolves v New York Knicks,Minnesota Timberwolves,New York Knicks,Player Rebounds,Anthony Edwards,Minnesota Timberwolves,6.5,2.9,1.38,BetRight,New York Knicks,Player Rebounds Over/Under 6.5 - Anthony Edwards (MIN),40859084,Anthony Edwards Over 6.5,Anthony Edwards Under 6.5,1,2,239746365,239746366
Minnesota Timberwolves v New York Knicks,Minnesota Timberwolves,New York Knicks,Player Rebounds,Jaden McDaniels,Minnesota Timberwolves,2.5,1.24,3.9,BetRight,New York Knicks,Player Rebounds Over/Under 2.5 - Jaden McDaniels (MIN),40859085,Jaden McDaniels Over 2.5,Jaden McDaniels Under 2.5,1,2,239746367,239746368
Minnesota Timberwolves v New York Knicks,Minnesota Timberwolves,New York Knicks,Player Rebounds,Jaden McDaniels,Minnesota Timberwolves,3.5,1.57,2.3,BetRight,New York Knicks,Player Rebounds Over/Under 3.5 - Jaden McDaniels (MIN),40859086,Jaden McDaniels Over 3.5,Jaden McDaniels Under 3.5,1,2,239746369,239746370
Minnesota Timberwolves v New York Knicks,Minnesota Timberwolves,New York Knicks,Player Rebounds,Jaden McDaniels,Minnesota Timberwolves,4.5,2.2,1.62,BetRight,New York Knicks,Player Rebounds Over/Under 4.5 - Jaden McDaniels (MIN),40859087,Jaden McDaniels Over 4.5,Jaden McDaniels Under 4.5,1,2,239746371,239746372
Minnesota Timberwolves v New York Knicks,Minnesota Timberwolves,New York Knicks,Player Rebounds,Julius Randle,Minnesota Timberwolves,4.5,1.2,4.2,BetRight,New York Knicks,Player Rebounds Over/Under 4.5 - Julius Randle (MIN),40859088,Julius Randle Over 4.5,Julius Randle Under 4.5,1,2,239746373,239746374
Minnesota Timberwolves v New York Knicks,Minnesota Timberwolves,New York Knicks,Player Rebounds,Julius Randle,Minnesota Timberwolves,5.5,1.42,2.75,BetRight,New York Knicks,Player Rebounds Over/Under 5.5 - Julius Randle (MIN),40859089,Julius Randle Over 5.5,Julius Randle Under 5.5,1,2,239746375,239746376
Minnesota Timberwolves v New York Knicks,Minnesota Timberwolves,New York Knicks,Player Rebounds,Julius Randle,Minnesota Timberwolves,6.5,1.78,1.98,BetRight,New York Knicks,Player Rebounds Over/Under 6.5 - Julius Randle (MIN),40859090,Julius Randle Over 6.5,Julius Randle Under 6.5,1,2,239746377,239746378
Minnesota Timberwolves v New York Knicks,Minnesota Timberwolves,New York Knicks,Player Rebounds,Julius Randle,Minnesota Timberwolves,7.5,2.4,1.53,BetRight,New York Knicks,Player Rebounds Over/Under 7.5 - Julius Randle (MIN),40859091,Julius Randle Over 7.5,Julius Randle Under 7.5,1,2,239746379,239746380
Minnesota Timberwolves v New York Knicks,Minnesota Timberwolves,New York Knicks,Player Rebounds,Julius Randle,Minnesota Timberwolves,8.5,3.4,1.29,BetRight,New York Knicks,Player Rebounds Over/Under 8.5 - Julius Randle (MIN),40859092,Julius Randle Over 8.5,Julius Randle Under 8.5,1,2,239746381,239746382
Minnesota Timberwolves v New York Knicks,Minnesota Timberwolves,New York Knicks,Player Rebounds,Naz Reid,Minnesota Timberwolves,2.5,1.1,6.5,BetRight,New York Knicks,Player Rebounds Over/Under 2.5 - Naz Reid (MIN),40859093,Naz Reid Over 2.5,Naz Reid Under 2.5,1,2,239746383,239746384
Minnesota Timberwolves v New York Knicks,Minnesota Timberwolves,New York Knicks,Player Rebounds,Naz Reid,Minnesota Timberwolves,3.5,1.26,3.6,BetRight,New York Knicks,Player Rebounds Over/Under 3.5 - Naz Reid (MIN),40859094,Naz Reid Over 3.5,Naz Reid Under 3.5,1,2,239746385,239746386
Minnesota Timberwolves v New York Knicks,Minnesota Timberwolves,New York Knicks,Player Rebounds,Naz Reid,Minnesota Timberwolves,4.5,1.55,2.3,BetRight,New York Knicks,Player Rebounds Over/Under 4.5 - Naz Reid (MIN),40859096,Naz Reid Over 4.5,Naz Reid Under 4.5,1,2,239746389,239746390
Minnesota Timberwolves v New York Knicks,Minnesota Timberwolves,New York Knicks,Player Rebounds,Naz Reid,Minnesota Timberwolves,5.5,2.05,1.7,BetRight,New York Knicks,Player Rebounds Over/Under 5.5 - Naz Reid (MIN),40859097,Naz Reid Over 5.5,Naz Reid Under 5.5,1,2,239746391,239746392
Minnesota Timberwolves v New York Knicks,Minnesota Timberwolves,New York Knicks,Player Rebounds,Naz Reid,Minnesota Timberwolves,6.5,3,1.36,BetRight,New York Knicks,Player Rebounds Over/Under 6.5 - Naz Reid (MIN),40859098,Naz Reid Over 6.5,Naz Reid Under 6.5,1,2,239746393,239746394
Minnesota Timberwolves v New York Knicks,Minnesota Timberwolves,New York Knicks,Player Rebounds,O.G. Anunoby,NA,3.5,1.36,3,BetRight,NA,Player Rebounds Over/Under 3.5 - O.G. Anunoby (NY),40859102,O.G. Anunoby Over 3.5,O.G. Anunoby Under 3.5,1,2,239746401,239746402
Minnesota Timberwolves v New York Knicks,Minnesota Timberwolves,New York Knicks,Player Rebounds,O.G. Anunoby,NA,4.5,1.75,2,BetRight,NA,Player Rebounds Over/Under 4.5 - O.G. Anunoby (NY),40859103,O.G. Anunoby Over 4.5,O.G. Anunoby Under 4.5,1,2,239746403,239746404
Minnesota Timberwolves v New York Knicks,Minnesota Timberwolves,New York Knicks,Player Rebounds,O.G. Anunoby,NA,5.5,2.5,1.5,BetRight,NA,Player Rebounds Over/Under 5.5 - O.G. Anunoby (NY),40859104,O.G. Anunoby Over 5.5,O.G. Anunoby Under 5.5,1,2,239746405,239746406
Minnesota Timberwolves v New York Knicks,Minnesota Timberwolves,New York Knicks,Player Rebounds,Mikal Bridges,New York Knicks,2.5,1.42,2.75,BetRight,Minnesota Timberwolves,Player Rebounds Over/Under 2.5 - Mikal Bridges (NY),40859106,Mikal Bridges Over 2.5,Mikal Bridges Under 2.5,1,2,239746409,239746410
Minnesota Timberwolves v New York Knicks,Minnesota Timberwolves,New York Knicks,Player Rebounds,Mikal Bridges,New York Knicks,3.5,2,1.75,BetRight,Minnesota Timberwolves,Player Rebounds Over/Under 3.5 - Mikal Bridges (NY),40859107,Mikal Bridges Over 3.5,Mikal Bridges Under 3.5,1,2,239746411,239746412
Minnesota Timberwolves v New York Knicks,Minnesota Timberwolves,New York Knicks,Player Rebounds,Jalen Brunson,New York Knicks,1.5,1.18,4.5,BetRight,Minnesota Timberwolves,Player Rebounds Over/Under 1.5 - Jalen Brunson (NY),40859108,Jalen Brunson Over 1.5,Jalen Brunson Under 1.5,1,2,239746413,239746414
Minnesota Timberwolves v New York Knicks,Minnesota Timberwolves,New York Knicks,Player Rebounds,Jalen Brunson,New York Knicks,2.5,1.57,2.3,BetRight,Minnesota Timberwolves,Player Rebounds Over/Under 2.5 - Jalen Brunson (NY),40859109,Jalen Brunson Over 2.5,Jalen Brunson Under 2.5,1,2,239746415,239746416
Minnesota Timberwolves v New York Knicks,Minnesota Timberwolves,New York Knicks,Player Rebounds,Jalen Brunson,New York Knicks,3.5,2.3,1.55,BetRight,Minnesota Timberwolves,Player Rebounds Over/Under 3.5 - Jalen Brunson (NY),40859110,Jalen Brunson Over 3.5,Jalen Brunson Under 3.5,1,2,239746417,239746418
Minnesota Timberwolves v New York Knicks,Minnesota Timberwolves,New York Knicks,Player Rebounds,Karl-Anthony Towns,New York Knicks,11.5,1.38,2.9,BetRight,Minnesota Timberwolves,Player Rebounds Over/Under 11.5 - Karl-Anthony Towns (NY),40859112,Karl-Anthony Towns Over 11.5,Karl-Anthony Towns Under 11.5,1,2,239746421,239746422
Minnesota Timberwolves v New York Knicks,Minnesota Timberwolves,New York Knicks,Player Rebounds,Karl-Anthony Towns,New York Knicks,12.5,1.6,2.25,BetRight,Minnesota Timberwolves,Player Rebounds Over/Under 12.5 - Karl-Anthony Towns (NY),40859113,Karl-Anthony Towns Over 12.5,Karl-Anthony Towns Under 12.5,1,2,239746423,239746424
Minnesota Timberwolves v New York Knicks,Minnesota Timberwolves,New York Knicks,Player Rebounds,Karl-Anthony Towns,New York Knicks,13.5,1.92,1.85,BetRight,Minnesota Timberwolves,Player Rebounds Over/Under 13.5 - Karl-Anthony Towns (NY),40859114,Karl-Anthony Towns Over 13.5,Karl-Anthony Towns Under 13.5,1,2,239746425,239746426
Minnesota Timberwolves v New York Knicks,Minnesota Timberwolves,New York Knicks,Player Rebounds,Karl-Anthony Towns,New York Knicks,14.5,2.3,1.55,BetRight,Minnesota Timberwolves,Player Rebounds Over/Under 14.5 - Karl-Anthony Towns (NY),40859115,Karl-Anthony Towns Over 14.5,Karl-Anthony Towns Under 14.5,1,2,239746427,239746428
Minnesota Timberwolves v New York Knicks,Minnesota Timberwolves,New York Knicks,Player Rebounds,Karl-Anthony Towns,New York Knicks,15.5,3,1.36,BetRight,Minnesota Timberwolves,Player Rebounds Over/Under 15.5 - Karl-Anthony Towns (NY),40859116,Karl-Anthony Towns Over 15.5,Karl-Anthony Towns Under 15.5,1,2,239746429,239746430
Minnesota Timberwolves v New York Knicks,Minnesota Timberwolves,New York Knicks,Player Rebounds,Mikal Bridges,New York Knicks,4.5,3.25,1.32,BetRight,Minnesota Timberwolves,Player Rebounds Over/Under 4.5 - Mikal Bridges (NY),40859204,Mikal Bridges Over 4.5,Mikal Bridges Under 4.5,1,2,239746950,239746949
Portland Trail Blazers v Denver Nuggets,Portland Trail Blazers,Denver Nuggets,Player Rebounds,Deni Avdija,Portland Trail Blazers,3.5,1.18,4.6,BetRight,Denver Nuggets,Player Rebounds Over/Under 3.5 - Deni Avdija (POR),40859507,Deni Avdija Over 3.5,Deni Avdija Under 3.5,1,2,239747721,239747720
Portland Trail Blazers v Denver Nuggets,Portland Trail Blazers,Denver Nuggets,Player Rebounds,Deni Avdija,Portland Trail Blazers,4.5,1.4,2.8,BetRight,Denver Nuggets,Player Rebounds Over/Under 4.5 - Deni Avdija (POR),40859508,Deni Avdija Over 4.5,Deni Avdija Under 4.5,1,2,239747723,239747722
Portland Trail Blazers v Denver Nuggets,Portland Trail Blazers,Denver Nuggets,Player Rebounds,Deni Avdija,Portland Trail Blazers,5.5,1.8,1.96,BetRight,Denver Nuggets,Player Rebounds Over/Under 5.5 - Deni Avdija (POR),40859509,Deni Avdija Over 5.5,Deni Avdija Under 5.5,1,2,239747724,239747725
Portland Trail Blazers v Denver Nuggets,Portland Trail Blazers,Denver Nuggets,Player Rebounds,Deni Avdija,Portland Trail Blazers,6.5,2.4,1.5,BetRight,Denver Nuggets,Player Rebounds Over/Under 6.5 - Deni Avdija (POR),40859510,Deni Avdija Over 6.5,Deni Avdija Under 6.5,1,2,239747726,239747727
Portland Trail Blazers v Denver Nuggets,Portland Trail Blazers,Denver Nuggets,Player Rebounds,Deni Avdija,Portland Trail Blazers,7.5,3.6,1.26,BetRight,Denver Nuggets,Player Rebounds Over/Under 7.5 - Deni Avdija (POR),40859511,Deni Avdija Over 7.5,Deni Avdija Under 7.5,1,2,239747729,239747728
Portland Trail Blazers v Denver Nuggets,Portland Trail Blazers,Denver Nuggets,Player Rebounds,Deandre Ayton,Portland Trail Blazers,7.5,1.3,3.3,BetRight,Denver Nuggets,Player Rebounds Over/Under 7.5 - Deandre Ayton (POR),40859512,Deandre Ayton Over 7.5,Deandre Ayton Under 7.5,1,2,239747730,239747731
Portland Trail Blazers v Denver Nuggets,Portland Trail Blazers,Denver Nuggets,Player Rebounds,Deandre Ayton,Portland Trail Blazers,8.5,1.55,2.38,BetRight,Denver Nuggets,Player Rebounds Over/Under 8.5 - Deandre Ayton (POR),40859513,Deandre Ayton Over 8.5,Deandre Ayton Under 8.5,1,2,239747732,239747733
Portland Trail Blazers v Denver Nuggets,Portland Trail Blazers,Denver Nuggets,Player Rebounds,Deandre Ayton,Portland Trail Blazers,9.5,1.88,1.88,BetRight,Denver Nuggets,Player Rebounds Over/Under 9.5 - Deandre Ayton (POR),40859514,Deandre Ayton Over 9.5,Deandre Ayton Under 9.5,1,2,239747735,239747734
Portland Trail Blazers v Denver Nuggets,Portland Trail Blazers,Denver Nuggets,Player Rebounds,Deandre Ayton,Portland Trail Blazers,10.5,2.4,1.53,BetRight,Denver Nuggets,Player Rebounds Over/Under 10.5 - Deandre Ayton (POR),40859515,Deandre Ayton Over 10.5,Deandre Ayton Under 10.5,1,2,239747737,239747736
Portland Trail Blazers v Denver Nuggets,Portland Trail Blazers,Denver Nuggets,Player Rebounds,Deandre Ayton,Portland Trail Blazers,11.5,3.25,1.32,BetRight,Denver Nuggets,Player Rebounds Over/Under 11.5 - Deandre Ayton (POR),40859516,Deandre Ayton Over 11.5,Deandre Ayton Under 11.5,1,2,239747739,239747738
Portland Trail Blazers v Denver Nuggets,Portland Trail Blazers,Denver Nuggets,Player Rebounds,Toumani Camara,Portland Trail Blazers,3.5,1.33,3.1,BetRight,Denver Nuggets,Player Rebounds Over/Under 3.5 - Toumani Camara (POR),40859517,Toumani Camara Over 3.5,Toumani Camara Under 3.5,1,2,239747740,239747741
Portland Trail Blazers v Denver Nuggets,Portland Trail Blazers,Denver Nuggets,Player Rebounds,Toumani Camara,Portland Trail Blazers,4.5,1.73,2.05,BetRight,Denver Nuggets,Player Rebounds Over/Under 4.5 - Toumani Camara (POR),40859518,Toumani Camara Over 4.5,Toumani Camara Under 4.5,1,2,239747742,239747743
Portland Trail Blazers v Denver Nuggets,Portland Trail Blazers,Denver Nuggets,Player Rebounds,Toumani Camara,Portland Trail Blazers,5.5,2.4,1.53,BetRight,Denver Nuggets,Player Rebounds Over/Under 5.5 - Toumani Camara (POR),40859519,Toumani Camara Over 5.5,Toumani Camara Under 5.5,1,2,239747745,239747744
Portland Trail Blazers v Denver Nuggets,Portland Trail Blazers,Denver Nuggets,Player Rebounds,Jerami Grant,Portland Trail Blazers,2.5,1.38,2.9,BetRight,Denver Nuggets,Player Rebounds Over/Under 2.5 - Jerami Grant (POR),40859520,Jerami Grant Over 2.5,Jerami Grant Under 2.5,1,2,239747747,239747746
Portland Trail Blazers v Denver Nuggets,Portland Trail Blazers,Denver Nuggets,Player Rebounds,Jerami Grant,Portland Trail Blazers,3.5,1.92,1.83,BetRight,Denver Nuggets,Player Rebounds Over/Under 3.5 - Jerami Grant (POR),40859521,Jerami Grant Over 3.5,Jerami Grant Under 3.5,1,2,239747749,239747748
Portland Trail Blazers v Denver Nuggets,Portland Trail Blazers,Denver Nuggets,Player Rebounds,Jerami Grant,Portland Trail Blazers,4.5,3,1.36,BetRight,Denver Nuggets,Player Rebounds Over/Under 4.5 - Jerami Grant (POR),40859522,Jerami Grant Over 4.5,Jerami Grant Under 4.5,1,2,239747751,239747750
Portland Trail Blazers v Denver Nuggets,Portland Trail Blazers,Denver Nuggets,Player Rebounds,Shaedon Sharpe,Portland Trail Blazers,2.5,1.22,4,BetRight,Denver Nuggets,Player Rebounds Over/Under 2.5 - Shaedon Sharpe (POR),40859523,Shaedon Sharpe Over 2.5,Shaedon Sharpe Under 2.5,1,2,239747752,239747753
Portland Trail Blazers v Denver Nuggets,Portland Trail Blazers,Denver Nuggets,Player Rebounds,Shaedon Sharpe,Portland Trail Blazers,3.5,1.57,2.3,BetRight,Denver Nuggets,Player Rebounds Over/Under 3.5 - Shaedon Sharpe (POR),40859524,Shaedon Sharpe Over 3.5,Shaedon Sharpe Under 3.5,1,2,239747754,239747755
Portland Trail Blazers v Denver Nuggets,Portland Trail Blazers,Denver Nuggets,Player Rebounds,Shaedon Sharpe,Portland Trail Blazers,4.5,2.25,1.6,BetRight,Denver Nuggets,Player Rebounds Over/Under 4.5 - Shaedon Sharpe (POR),40859525,Shaedon Sharpe Over 4.5,Shaedon Sharpe Under 4.5,1,2,239747757,239747756
Portland Trail Blazers v Denver Nuggets,Portland Trail Blazers,Denver Nuggets,Player Rebounds,Anfernee Simons,Portland Trail Blazers,1.5,1.17,4.75,BetRight,Denver Nuggets,Player Rebounds Over/Under 1.5 - Anfernee Simons (POR),40859526,Anfernee Simons Over 1.5,Anfernee Simons Under 1.5,1,2,239747759,239747758
Portland Trail Blazers v Denver Nuggets,Portland Trail Blazers,Denver Nuggets,Player Rebounds,Anfernee Simons,Portland Trail Blazers,2.5,1.53,2.4,BetRight,Denver Nuggets,Player Rebounds Over/Under 2.5 - Anfernee Simons (POR),40859527,Anfernee Simons Over 2.5,Anfernee Simons Under 2.5,1,2,239747760,239747761
Portland Trail Blazers v Denver Nuggets,Portland Trail Blazers,Denver Nuggets,Player Rebounds,Anfernee Simons,Portland Trail Blazers,3.5,2.25,1.6,BetRight,Denver Nuggets,Player Rebounds Over/Under 3.5 - Anfernee Simons (POR),40859528,Anfernee Simons Over 3.5,Anfernee Simons Under 3.5,1,2,239747762,239747763
Portland Trail Blazers v Denver Nuggets,Portland Trail Blazers,Denver Nuggets,Player Rebounds,Christian Braun,Denver Nuggets,2.5,1.26,3.6,BetRight,Portland Trail Blazers,Player Rebounds Over/Under 2.5 - Christian Braun (DEN),40859529,Christian Braun Over 2.5,Christian Braun Under 2.5,1,2,239747765,239747764
Portland Trail Blazers v Denver Nuggets,Portland Trail Blazers,Denver Nuggets,Player Rebounds,Christian Braun,Denver Nuggets,3.5,1.62,2.2,BetRight,Portland Trail Blazers,Player Rebounds Over/Under 3.5 - Christian Braun (DEN),40859530,Christian Braun Over 3.5,Christian Braun Under 3.5,1,2,239747767,239747766
Portland Trail Blazers v Denver Nuggets,Portland Trail Blazers,Denver Nuggets,Player Rebounds,Christian Braun,Denver Nuggets,4.5,2.3,1.57,BetRight,Portland Trail Blazers,Player Rebounds Over/Under 4.5 - Christian Braun (DEN),40859531,Christian Braun Over 4.5,Christian Braun Under 4.5,1,2,239747768,239747769
Portland Trail Blazers v Denver Nuggets,Portland Trail Blazers,Denver Nuggets,Player Rebounds,Aaron Gordon,Denver Nuggets,3.5,1.15,5,BetRight,Portland Trail Blazers,Player Rebounds Over/Under 3.5 - Aaron Gordon (DEN),40859532,Aaron Gordon Over 3.5,Aaron Gordon Under 3.5,1,2,239747771,239747770
Portland Trail Blazers v Denver Nuggets,Portland Trail Blazers,Denver Nuggets,Player Rebounds,Aaron Gordon,Denver Nuggets,4.5,1.33,3.1,BetRight,Portland Trail Blazers,Player Rebounds Over/Under 4.5 - Aaron Gordon (DEN),40859533,Aaron Gordon Over 4.5,Aaron Gordon Under 4.5,1,2,239747773,239747772
Portland Trail Blazers v Denver Nuggets,Portland Trail Blazers,Denver Nuggets,Player Rebounds,Aaron Gordon,Denver Nuggets,5.5,1.68,2.1,BetRight,Portland Trail Blazers,Player Rebounds Over/Under 5.5 - Aaron Gordon (DEN),40859534,Aaron Gordon Over 5.5,Aaron Gordon Under 5.5,1,2,239747774,239747775
Portland Trail Blazers v Denver Nuggets,Portland Trail Blazers,Denver Nuggets,Player Rebounds,Aaron Gordon,Denver Nuggets,6.5,2.25,1.6,BetRight,Portland Trail Blazers,Player Rebounds Over/Under 6.5 - Aaron Gordon (DEN),40859535,Aaron Gordon Over 6.5,Aaron Gordon Under 6.5,1,2,239747776,239747777
Portland Trail Blazers v Denver Nuggets,Portland Trail Blazers,Denver Nuggets,Player Rebounds,Aaron Gordon,Denver Nuggets,7.5,3.3,1.3,BetRight,Portland Trail Blazers,Player Rebounds Over/Under 7.5 - Aaron Gordon (DEN),40859536,Aaron Gordon Over 7.5,Aaron Gordon Under 7.5,1,2,239747778,239747779
Portland Trail Blazers v Denver Nuggets,Portland Trail Blazers,Denver Nuggets,Player Rebounds,Nikola Jokic,NA,10.5,1.3,3.4,BetRight,NA,Player Rebounds Over/Under 10.5 - Nikola Jokic (DEN),40859537,Nikola Jokic Over 10.5,Nikola Jokic Under 10.5,1,2,239747780,239747781
Portland Trail Blazers v Denver Nuggets,Portland Trail Blazers,Denver Nuggets,Player Rebounds,Nikola Jokic,NA,11.5,1.46,2.6,BetRight,NA,Player Rebounds Over/Under 11.5 - Nikola Jokic (DEN),40859538,Nikola Jokic Over 11.5,Nikola Jokic Under 11.5,1,2,239747782,239747783
Portland Trail Blazers v Denver Nuggets,Portland Trail Blazers,Denver Nuggets,Player Rebounds,Nikola Jokic,NA,12.5,1.73,2.05,BetRight,NA,Player Rebounds Over/Under 12.5 - Nikola Jokic (DEN),40859539,Nikola Jokic Over 12.5,Nikola Jokic Under 12.5,1,2,239747785,239747784
Portland Trail Blazers v Denver Nuggets,Portland Trail Blazers,Denver Nuggets,Player Rebounds,Nikola Jokic,NA,13.5,2.1,1.68,BetRight,NA,Player Rebounds Over/Under 13.5 - Nikola Jokic (DEN),40859540,Nikola Jokic Over 13.5,Nikola Jokic Under 13.5,1,2,239747787,239747786
Portland Trail Blazers v Denver Nuggets,Portland Trail Blazers,Denver Nuggets,Player Rebounds,Nikola Jokic,NA,14.5,2.63,1.44,BetRight,NA,Player Rebounds Over/Under 14.5 - Nikola Jokic (DEN),40859541,Nikola Jokic Over 14.5,Nikola Jokic Under 14.5,1,2,239747788,239747789
Portland Trail Blazers v Denver Nuggets,Portland Trail Blazers,Denver Nuggets,Player Rebounds,Jamal Murray,Denver Nuggets,2.5,1.35,3.1,BetRight,Portland Trail Blazers,Player Rebounds Over/Under 2.5 - Jamal Murray (DEN),40859542,Jamal Murray Over 2.5,Jamal Murray Under 2.5,1,2,239747790,239747791
Portland Trail Blazers v Denver Nuggets,Portland Trail Blazers,Denver Nuggets,Player Rebounds,Jamal Murray,Denver Nuggets,3.5,1.83,1.92,BetRight,Portland Trail Blazers,Player Rebounds Over/Under 3.5 - Jamal Murray (DEN),40859543,Jamal Murray Over 3.5,Jamal Murray Under 3.5,1,2,239747793,239747792
Portland Trail Blazers v Denver Nuggets,Portland Trail Blazers,Denver Nuggets,Player Rebounds,Jamal Murray,Denver Nuggets,4.5,2.8,1.4,BetRight,Portland Trail Blazers,Player Rebounds Over/Under 4.5 - Jamal Murray (DEN),40859544,Jamal Murray Over 4.5,Jamal Murray Under 4.5,1,2,239747795,239747794
Portland Trail Blazers v Denver Nuggets,Portland Trail Blazers,Denver Nuggets,Player Rebounds,Michael Porter Jr.,Denver Nuggets,4.5,1.26,3.5,BetRight,Portland Trail Blazers,Player Rebounds Over/Under 4.5 - Michael Porter Jr. (DEN),40859545,Michael Porter Jr. Over 4.5,Michael Porter Jr. Under 4.5,1,2,239747796,239747797
Portland Trail Blazers v Denver Nuggets,Portland Trail Blazers,Denver Nuggets,Player Rebounds,Michael Porter Jr.,Denver Nuggets,5.5,1.55,2.3,BetRight,Portland Trail Blazers,Player Rebounds Over/Under 5.5 - Michael Porter Jr. (DEN),40859546,Michael Porter Jr. Over 5.5,Michael Porter Jr. Under 5.5,1,2,239747798,239747799
Portland Trail Blazers v Denver Nuggets,Portland Trail Blazers,Denver Nuggets,Player Rebounds,Michael Porter Jr.,Denver Nuggets,6.5,2.05,1.73,BetRight,Portland Trail Blazers,Player Rebounds Over/Under 6.5 - Michael Porter Jr. (DEN),40859547,Michael Porter Jr. Over 6.5,Michael Porter Jr. Under 6.5,1,2,239747801,239747800
Portland Trail Blazers v Denver Nuggets,Portland Trail Blazers,Denver Nuggets,Player Rebounds,Michael Porter Jr.,Denver Nuggets,7.5,2.9,1.38,BetRight,Portland Trail Blazers,Player Rebounds Over/Under 7.5 - Michael Porter Jr. (DEN),40859548,Michael Porter Jr. Over 7.5,Michael Porter Jr. Under 7.5,1,2,239747803,239747802
Portland Trail Blazers v Denver Nuggets,Portland Trail Blazers,Denver Nuggets,Player Rebounds,Michael Porter Jr.,Denver Nuggets,3.5,1.11,5.75,BetRight,Portland Trail Blazers,Player Rebounds Over/Under 3.5 - Michael Porter Jr. (DEN),40859550,Michael Porter Jr. Over 3.5,Michael Porter Jr. Under 3.5,1,2,239747806,239747807
Portland Trail Blazers v Denver Nuggets,Portland Trail Blazers,Denver Nuggets,Player Rebounds,Julian Strawther,Denver Nuggets,1.5,1.35,3.1,BetRight,Portland Trail Blazers,Player Rebounds Over/Under 1.5 - Julian Strawther (DEN),40860702,Julian Strawther Over 1.5,Julian Strawther Under 1.5,1,2,239752896,239752897
Portland Trail Blazers v Denver Nuggets,Portland Trail Blazers,Denver Nuggets,Player Rebounds,Julian Strawther,Denver Nuggets,2.5,2.05,1.73,BetRight,Portland Trail Blazers,Player Rebounds Over/Under 2.5 - Julian Strawther (DEN),40860703,Julian Strawther Over 2.5,Julian Strawther Under 2.5,1,2,239752898,239752899
Portland Trail Blazers v Denver Nuggets,Portland Trail Blazers,Denver Nuggets,Player Rebounds,Julian Strawther,Denver Nuggets,3.5,3.6,1.26,BetRight,Portland Trail Blazers,Player Rebounds Over/Under 3.5 - Julian Strawther (DEN),40860704,Julian Strawther Over 3.5,Julian Strawther Under 3.5,1,2,239752900,239752901
Sacramento Kings v Los Angeles Lakers,Sacramento Kings,Los Angeles Lakers,Player Rebounds,DeMar DeRozan,Sacramento Kings,2.5,1.3,3.4,BetRight,Los Angeles Lakers,Player Rebounds Over/Under 2.5 - DeMar DeRozan (SAC),40859683,DeMar DeRozan Over 2.5,DeMar DeRozan Under 2.5,1,2,239748111,239748110
Sacramento Kings v Los Angeles Lakers,Sacramento Kings,Los Angeles Lakers,Player Rebounds,DeMar DeRozan,Sacramento Kings,3.5,1.75,2,BetRight,Los Angeles Lakers,Player Rebounds Over/Under 3.5 - DeMar DeRozan (SAC),40859684,DeMar DeRozan Over 3.5,DeMar DeRozan Under 3.5,1,2,239748113,239748112
Sacramento Kings v Los Angeles Lakers,Sacramento Kings,Los Angeles Lakers,Player Rebounds,DeMar DeRozan,Sacramento Kings,4.5,2.63,1.46,BetRight,Los Angeles Lakers,Player Rebounds Over/Under 4.5 - DeMar DeRozan (SAC),40859685,DeMar DeRozan Over 4.5,DeMar DeRozan Under 4.5,1,2,239748114,239748115
Sacramento Kings v Los Angeles Lakers,Sacramento Kings,Los Angeles Lakers,Player Rebounds,De'Aaron Fox,Sacramento Kings,2.5,1.09,6.75,BetRight,Los Angeles Lakers,Player Rebounds Over/Under 2.5 - De'Aaron Fox (SAC),40859686,De'Aaron Fox Over 2.5,De'Aaron Fox Under 2.5,1,2,239748116,239748117
Sacramento Kings v Los Angeles Lakers,Sacramento Kings,Los Angeles Lakers,Player Rebounds,De'Aaron Fox,Sacramento Kings,3.5,1.26,3.6,BetRight,Los Angeles Lakers,Player Rebounds Over/Under 3.5 - De'Aaron Fox (SAC),40859687,De'Aaron Fox Over 3.5,De'Aaron Fox Under 3.5,1,2,239748119,239748118
Sacramento Kings v Los Angeles Lakers,Sacramento Kings,Los Angeles Lakers,Player Rebounds,De'Aaron Fox,Sacramento Kings,4.5,1.57,2.3,BetRight,Los Angeles Lakers,Player Rebounds Over/Under 4.5 - De'Aaron Fox (SAC),40859688,De'Aaron Fox Over 4.5,De'Aaron Fox Under 4.5,1,2,239748121,239748120
Sacramento Kings v Los Angeles Lakers,Sacramento Kings,Los Angeles Lakers,Player Rebounds,De'Aaron Fox,Sacramento Kings,5.5,2.1,1.68,BetRight,Los Angeles Lakers,Player Rebounds Over/Under 5.5 - De'Aaron Fox (SAC),40859689,De'Aaron Fox Over 5.5,De'Aaron Fox Under 5.5,1,2,239748122,239748123
Sacramento Kings v Los Angeles Lakers,Sacramento Kings,Los Angeles Lakers,Player Rebounds,De'Aaron Fox,Sacramento Kings,6.5,3.1,1.35,BetRight,Los Angeles Lakers,Player Rebounds Over/Under 6.5 - De'Aaron Fox (SAC),40859690,De'Aaron Fox Over 6.5,De'Aaron Fox Under 6.5,1,2,239748125,239748124
Sacramento Kings v Los Angeles Lakers,Sacramento Kings,Los Angeles Lakers,Player Rebounds,Malik Monk,Sacramento Kings,2.5,1.25,3.75,BetRight,Los Angeles Lakers,Player Rebounds Over/Under 2.5 - Malik Monk (SAC),40859691,Malik Monk Over 2.5,Malik Monk Under 2.5,1,2,239748127,239748126
Sacramento Kings v Los Angeles Lakers,Sacramento Kings,Los Angeles Lakers,Player Rebounds,Malik Monk,Sacramento Kings,3.5,1.62,2.2,BetRight,Los Angeles Lakers,Player Rebounds Over/Under 3.5 - Malik Monk (SAC),40859692,Malik Monk Over 3.5,Malik Monk Under 3.5,1,2,239748128,239748129
Sacramento Kings v Los Angeles Lakers,Sacramento Kings,Los Angeles Lakers,Player Rebounds,Malik Monk,Sacramento Kings,4.5,2.4,1.53,BetRight,Los Angeles Lakers,Player Rebounds Over/Under 4.5 - Malik Monk (SAC),40859693,Malik Monk Over 4.5,Malik Monk Under 4.5,1,2,239748130,239748131
Sacramento Kings v Los Angeles Lakers,Sacramento Kings,Los Angeles Lakers,Player Rebounds,Keegan Murray,Sacramento Kings,4.5,1.21,4.2,BetRight,Los Angeles Lakers,Player Rebounds Over/Under 4.5 - Keegan Murray (SAC),40859694,Keegan Murray Over 4.5,Keegan Murray Under 4.5,1,2,239748133,239748132
Sacramento Kings v Los Angeles Lakers,Sacramento Kings,Los Angeles Lakers,Player Rebounds,Keegan Murray,Sacramento Kings,5.5,1.42,2.75,BetRight,Los Angeles Lakers,Player Rebounds Over/Under 5.5 - Keegan Murray (SAC),40859695,Keegan Murray Over 5.5,Keegan Murray Under 5.5,1,2,239748135,239748134
Sacramento Kings v Los Angeles Lakers,Sacramento Kings,Los Angeles Lakers,Player Rebounds,Keegan Murray,Sacramento Kings,6.5,1.8,1.96,BetRight,Los Angeles Lakers,Player Rebounds Over/Under 6.5 - Keegan Murray (SAC),40859696,Keegan Murray Over 6.5,Keegan Murray Under 6.5,1,2,239748136,239748137
Sacramento Kings v Los Angeles Lakers,Sacramento Kings,Los Angeles Lakers,Player Rebounds,Keegan Murray,Sacramento Kings,7.5,2.4,1.53,BetRight,Los Angeles Lakers,Player Rebounds Over/Under 7.5 - Keegan Murray (SAC),40859697,Keegan Murray Over 7.5,Keegan Murray Under 7.5,1,2,239748139,239748138
Sacramento Kings v Los Angeles Lakers,Sacramento Kings,Los Angeles Lakers,Player Rebounds,Keegan Murray,Sacramento Kings,8.5,3.4,1.29,BetRight,Los Angeles Lakers,Player Rebounds Over/Under 8.5 - Keegan Murray (SAC),40859698,Keegan Murray Over 8.5,Keegan Murray Under 8.5,1,2,239748141,239748140
Sacramento Kings v Los Angeles Lakers,Sacramento Kings,Los Angeles Lakers,Player Rebounds,Domantas Sabonis,Sacramento Kings,11.5,1.33,3.2,BetRight,Los Angeles Lakers,Player Rebounds Over/Under 11.5 - Domantas Sabonis (SAC),40859699,Domantas Sabonis Over 11.5,Domantas Sabonis Under 11.5,1,2,239748142,239748143
Sacramento Kings v Los Angeles Lakers,Sacramento Kings,Los Angeles Lakers,Player Rebounds,Domantas Sabonis,Sacramento Kings,12.5,1.53,2.4,BetRight,Los Angeles Lakers,Player Rebounds Over/Under 12.5 - Domantas Sabonis (SAC),40859700,Domantas Sabonis Over 12.5,Domantas Sabonis Under 12.5,1,2,239748144,239748145
Sacramento Kings v Los Angeles Lakers,Sacramento Kings,Los Angeles Lakers,Player Rebounds,Domantas Sabonis,Sacramento Kings,13.5,1.8,1.96,BetRight,Los Angeles Lakers,Player Rebounds Over/Under 13.5 - Domantas Sabonis (SAC),40859701,Domantas Sabonis Over 13.5,Domantas Sabonis Under 13.5,1,2,239748147,239748146
Sacramento Kings v Los Angeles Lakers,Sacramento Kings,Los Angeles Lakers,Player Rebounds,Domantas Sabonis,Sacramento Kings,14.5,2.2,1.62,BetRight,Los Angeles Lakers,Player Rebounds Over/Under 14.5 - Domantas Sabonis (SAC),40859702,Domantas Sabonis Over 14.5,Domantas Sabonis Under 14.5,1,2,239748149,239748148
Sacramento Kings v Los Angeles Lakers,Sacramento Kings,Los Angeles Lakers,Player Rebounds,Domantas Sabonis,Sacramento Kings,15.5,2.75,1.42,BetRight,Los Angeles Lakers,Player Rebounds Over/Under 15.5 - Domantas Sabonis (SAC),40859703,Domantas Sabonis Over 15.5,Domantas Sabonis Under 15.5,1,2,239748150,239748151
Sacramento Kings v Los Angeles Lakers,Sacramento Kings,Los Angeles Lakers,Player Rebounds,Max Christie,Los Angeles Lakers,2.5,1.38,2.9,BetRight,Sacramento Kings,Player Rebounds Over/Under 2.5 - Max Christie (LAL),40859704,Max Christie Over 2.5,Max Christie Under 2.5,1,2,239748153,239748152
Sacramento Kings v Los Angeles Lakers,Sacramento Kings,Los Angeles Lakers,Player Rebounds,Max Christie,Los Angeles Lakers,3.5,1.9,1.86,BetRight,Sacramento Kings,Player Rebounds Over/Under 3.5 - Max Christie (LAL),40859705,Max Christie Over 3.5,Max Christie Under 3.5,1,2,239748155,239748154
Sacramento Kings v Los Angeles Lakers,Sacramento Kings,Los Angeles Lakers,Player Rebounds,Max Christie,Los Angeles Lakers,4.5,2.9,1.38,BetRight,Sacramento Kings,Player Rebounds Over/Under 4.5 - Max Christie (LAL),40859706,Max Christie Over 4.5,Max Christie Under 4.5,1,2,239748157,239748156
Sacramento Kings v Los Angeles Lakers,Sacramento Kings,Los Angeles Lakers,Player Rebounds,Anthony Davis,Los Angeles Lakers,10.5,1.36,3,BetRight,Sacramento Kings,Player Rebounds Over/Under 10.5 - Anthony Davis (LAL),40859707,Anthony Davis Over 10.5,Anthony Davis Under 10.5,1,2,239748158,239748159
Sacramento Kings v Los Angeles Lakers,Sacramento Kings,Los Angeles Lakers,Player Rebounds,Anthony Davis,Los Angeles Lakers,11.5,1.57,2.3,BetRight,Sacramento Kings,Player Rebounds Over/Under 11.5 - Anthony Davis (LAL),40859708,Anthony Davis Over 11.5,Anthony Davis Under 11.5,1,2,239748161,239748160
Sacramento Kings v Los Angeles Lakers,Sacramento Kings,Los Angeles Lakers,Player Rebounds,Anthony Davis,Los Angeles Lakers,12.5,1.91,1.85,BetRight,Sacramento Kings,Player Rebounds Over/Under 12.5 - Anthony Davis (LAL),40859709,Anthony Davis Over 12.5,Anthony Davis Under 12.5,1,2,239748163,239748162
Sacramento Kings v Los Angeles Lakers,Sacramento Kings,Los Angeles Lakers,Player Rebounds,Anthony Davis,Los Angeles Lakers,13.5,2.38,1.55,BetRight,Sacramento Kings,Player Rebounds Over/Under 13.5 - Anthony Davis (LAL),40859710,Anthony Davis Over 13.5,Anthony Davis Under 13.5,1,2,239748164,239748165
Sacramento Kings v Los Angeles Lakers,Sacramento Kings,Los Angeles Lakers,Player Rebounds,Anthony Davis,Los Angeles Lakers,14.5,3,1.36,BetRight,Sacramento Kings,Player Rebounds Over/Under 14.5 - Anthony Davis (LAL),40859711,Anthony Davis Over 14.5,Anthony Davis Under 14.5,1,2,239748166,239748167
Sacramento Kings v Los Angeles Lakers,Sacramento Kings,Los Angeles Lakers,Player Rebounds,Rui Hachimura,Los Angeles Lakers,3.5,1.18,4.5,BetRight,Sacramento Kings,Player Rebounds Over/Under 3.5 - Rui Hachimura (LAL),40859712,Rui Hachimura Over 3.5,Rui Hachimura Under 3.5,1,2,239748169,239748168
Sacramento Kings v Los Angeles Lakers,Sacramento Kings,Los Angeles Lakers,Player Rebounds,Rui Hachimura,Los Angeles Lakers,4.5,1.42,2.75,BetRight,Sacramento Kings,Player Rebounds Over/Under 4.5 - Rui Hachimura (LAL),40859713,Rui Hachimura Over 4.5,Rui Hachimura Under 4.5,1,2,239748170,239748171
Sacramento Kings v Los Angeles Lakers,Sacramento Kings,Los Angeles Lakers,Player Rebounds,Rui Hachimura,Los Angeles Lakers,5.5,1.82,1.95,BetRight,Sacramento Kings,Player Rebounds Over/Under 5.5 - Rui Hachimura (LAL),40859714,Rui Hachimura Over 5.5,Rui Hachimura Under 5.5,1,2,239748172,239748173
Sacramento Kings v Los Angeles Lakers,Sacramento Kings,Los Angeles Lakers,Player Rebounds,Rui Hachimura,Los Angeles Lakers,6.5,2.5,1.5,BetRight,Sacramento Kings,Player Rebounds Over/Under 6.5 - Rui Hachimura (LAL),40859715,Rui Hachimura Over 6.5,Rui Hachimura Under 6.5,1,2,239748175,239748174
Sacramento Kings v Los Angeles Lakers,Sacramento Kings,Los Angeles Lakers,Player Rebounds,Rui Hachimura,Los Angeles Lakers,7.5,3.75,1.25,BetRight,Sacramento Kings,Player Rebounds Over/Under 7.5 - Rui Hachimura (LAL),40859716,Rui Hachimura Over 7.5,Rui Hachimura Under 7.5,1,2,239748177,239748176
Sacramento Kings v Los Angeles Lakers,Sacramento Kings,Los Angeles Lakers,Player Rebounds,Lebron James,NA,5.5,1.24,3.8,BetRight,NA,Player Rebounds Over/Under 5.5 - LeBron James (LAL),40859717,Lebron James Over 5.5,Lebron James Under 5.5,1,2,239748178,239748179
Sacramento Kings v Los Angeles Lakers,Sacramento Kings,Los Angeles Lakers,Player Rebounds,Lebron James,NA,6.5,1.45,2.63,BetRight,NA,Player Rebounds Over/Under 6.5 - LeBron James (LAL),40859718,Lebron James Over 6.5,Lebron James Under 6.5,1,2,239748180,239748181
Sacramento Kings v Los Angeles Lakers,Sacramento Kings,Los Angeles Lakers,Player Rebounds,Lebron James,NA,7.5,1.83,1.94,BetRight,NA,Player Rebounds Over/Under 7.5 - LeBron James (LAL),40859719,Lebron James Over 7.5,Lebron James Under 7.5,1,2,239748183,239748182
Sacramento Kings v Los Angeles Lakers,Sacramento Kings,Los Angeles Lakers,Player Rebounds,Lebron James,NA,8.5,2.4,1.53,BetRight,NA,Player Rebounds Over/Under 8.5 - LeBron James (LAL),40859720,Lebron James Over 8.5,Lebron James Under 8.5,1,2,239748185,239748184
Sacramento Kings v Los Angeles Lakers,Sacramento Kings,Los Angeles Lakers,Player Rebounds,Lebron James,NA,9.5,3.3,1.3,BetRight,NA,Player Rebounds Over/Under 9.5 - LeBron James (LAL),40859721,Lebron James Over 9.5,Lebron James Under 9.5,1,2,239748186,239748187
Sacramento Kings v Los Angeles Lakers,Sacramento Kings,Los Angeles Lakers,Player Rebounds,Dalton Knecht,Los Angeles Lakers,1.5,1.15,4.75,BetRight,Sacramento Kings,Player Rebounds Over/Under 1.5 - Dalton Knecht (LAL),40859722,Dalton Knecht Over 1.5,Dalton Knecht Under 1.5,1,2,239748188,239748189
Sacramento Kings v Los Angeles Lakers,Sacramento Kings,Los Angeles Lakers,Player Rebounds,Dalton Knecht,Los Angeles Lakers,2.5,1.5,2.4,BetRight,Sacramento Kings,Player Rebounds Over/Under 2.5 - Dalton Knecht (LAL),40859723,Dalton Knecht Over 2.5,Dalton Knecht Under 2.5,1,2,239748191,239748190
Sacramento Kings v Los Angeles Lakers,Sacramento Kings,Los Angeles Lakers,Player Rebounds,Dalton Knecht,Los Angeles Lakers,3.5,2.2,1.62,BetRight,Sacramento Kings,Player Rebounds Over/Under 3.5 - Dalton Knecht (LAL),40859724,Dalton Knecht Over 3.5,Dalton Knecht Under 3.5,1,2,239748193,239748192
Sacramento Kings v Los Angeles Lakers,Sacramento Kings,Los Angeles Lakers,Player Rebounds,Austin Reaves,Los Angeles Lakers,1.5,1.14,5.25,BetRight,Sacramento Kings,Player Rebounds Over/Under 1.5 - Austin Reaves (LAL),40859725,Austin Reaves Over 1.5,Austin Reaves Under 1.5,1,2,239748194,239748195
Sacramento Kings v Los Angeles Lakers,Sacramento Kings,Los Angeles Lakers,Player Rebounds,Austin Reaves,Los Angeles Lakers,2.5,1.45,2.63,BetRight,Sacramento Kings,Player Rebounds Over/Under 2.5 - Austin Reaves (LAL),40859726,Austin Reaves Over 2.5,Austin Reaves Under 2.5,1,2,239748196,239748197
Sacramento Kings v Los Angeles Lakers,Sacramento Kings,Los Angeles Lakers,Player Rebounds,Austin Reaves,Los Angeles Lakers,3.5,2.05,1.7,BetRight,Sacramento Kings,Player Rebounds Over/Under 3.5 - Austin Reaves (LAL),40859727,Austin Reaves Over 3.5,Austin Reaves Under 3.5,1,2,239748198,239748199
Washington Wizards v Charlotte Hornets,Washington Wizards,Charlotte Hornets,Player Rebounds,Carlton Carrington,Washington Wizards,3.5,1.7,NA,BetRight,Charlotte Hornets,Player Rebounds - Carlton Carrington (WAS),40814265,Carlton Carrington 4+,NA,1,NA,239564796,NA
Washington Wizards v Charlotte Hornets,Washington Wizards,Charlotte Hornets,Player Rebounds,Carlton Carrington,Washington Wizards,4.5,2.5,NA,BetRight,Charlotte Hornets,Player Rebounds - Carlton Carrington (WAS),40814265,Carlton Carrington 5+,NA,2,NA,239564798,NA
Washington Wizards v Charlotte Hornets,Washington Wizards,Charlotte Hornets,Player Rebounds,Carlton Carrington,Washington Wizards,7.5,11,NA,BetRight,Charlotte Hornets,Player Rebounds - Carlton Carrington (WAS),40814265,Carlton Carrington 8+,NA,3,NA,239564799,NA
Washington Wizards v Charlotte Hornets,Washington Wizards,Charlotte Hornets,Player Rebounds,Bilal Coulibaly,Washington Wizards,3.5,1.26,NA,BetRight,Charlotte Hornets,Player Rebounds - Bilal Coulibaly (WAS),40814266,Bilal Coulibaly 4+,NA,1,NA,239564800,NA
Washington Wizards v Charlotte Hornets,Washington Wizards,Charlotte Hornets,Player Rebounds,Bilal Coulibaly,Washington Wizards,4.5,1.6,NA,BetRight,Charlotte Hornets,Player Rebounds - Bilal Coulibaly (WAS),40814266,Bilal Coulibaly 5+,NA,2,NA,239564802,NA
Washington Wizards v Charlotte Hornets,Washington Wizards,Charlotte Hornets,Player Rebounds,Bilal Coulibaly,Washington Wizards,7.5,5,NA,BetRight,Charlotte Hornets,Player Rebounds - Bilal Coulibaly (WAS),40814266,Bilal Coulibaly 8+,NA,3,NA,239564801,NA
Washington Wizards v Charlotte Hornets,Washington Wizards,Charlotte Hornets,Player Rebounds,Bilal Coulibaly,Washington Wizards,9.5,12,NA,BetRight,Charlotte Hornets,Player Rebounds - Bilal Coulibaly (WAS),40814266,Bilal Coulibaly 10+,NA,4,NA,239564803,NA
Washington Wizards v Charlotte Hornets,Washington Wizards,Charlotte Hornets,Player Rebounds,Alexandre Sarr,Washington Wizards,3.5,1.08,NA,BetRight,Charlotte Hornets,Player Rebounds - Alexandre Sarr (WAS),40814267,Alexandre Sarr 4+,NA,1,NA,239564808,NA
Washington Wizards v Charlotte Hornets,Washington Wizards,Charlotte Hornets,Player Rebounds,Alexandre Sarr,Washington Wizards,4.5,1.21,NA,BetRight,Charlotte Hornets,Player Rebounds - Alexandre Sarr (WAS),40814267,Alexandre Sarr 5+,NA,2,NA,239564806,NA
Washington Wizards v Charlotte Hornets,Washington Wizards,Charlotte Hornets,Player Rebounds,Alexandre Sarr,Washington Wizards,7.5,2.4,NA,BetRight,Charlotte Hornets,Player Rebounds - Alexandre Sarr (WAS),40814267,Alexandre Sarr 8+,NA,3,NA,239564805,NA
Washington Wizards v Charlotte Hornets,Washington Wizards,Charlotte Hornets,Player Rebounds,Alexandre Sarr,Washington Wizards,9.5,5,NA,BetRight,Charlotte Hornets,Player Rebounds - Alexandre Sarr (WAS),40814267,Alexandre Sarr 10+,NA,4,NA,239564807,NA
Washington Wizards v Charlotte Hornets,Washington Wizards,Charlotte Hornets,Player Rebounds,Alexandre Sarr,Washington Wizards,11.5,12,NA,BetRight,Charlotte Hornets,Player Rebounds - Alexandre Sarr (WAS),40814267,Alexandre Sarr 12+,NA,5,NA,239564804,NA
Washington Wizards v Charlotte Hornets,Washington Wizards,Charlotte Hornets,Player Rebounds,Lamelo Ball,NA,3.5,1.3,NA,BetRight,NA,Player Rebounds - Lamelo  Ball (CHA),40814268,Lamelo Ball 4+,NA,1,NA,239564811,NA
Washington Wizards v Charlotte Hornets,Washington Wizards,Charlotte Hornets,Player Rebounds,Lamelo Ball,NA,4.5,1.65,NA,BetRight,NA,Player Rebounds - Lamelo  Ball (CHA),40814268,Lamelo Ball 5+,NA,2,NA,239564809,NA
Washington Wizards v Charlotte Hornets,Washington Wizards,Charlotte Hornets,Player Rebounds,Lamelo Ball,NA,7.5,5.5,NA,BetRight,NA,Player Rebounds - Lamelo  Ball (CHA),40814268,Lamelo Ball 8+,NA,3,NA,239564812,NA
Washington Wizards v Charlotte Hornets,Washington Wizards,Charlotte Hornets,Player Rebounds,Lamelo Ball,NA,9.5,15,NA,BetRight,NA,Player Rebounds - Lamelo  Ball (CHA),40814268,Lamelo Ball 10+,NA,4,NA,239564810,NA
Washington Wizards v Charlotte Hornets,Washington Wizards,Charlotte Hornets,Player Rebounds,Miles Bridges,Charlotte Hornets,3.5,1.1,NA,BetRight,Washington Wizards,Player Rebounds - Miles Bridges (CHA),40814269,Miles Bridges 4+,NA,1,NA,239564814,NA
Washington Wizards v Charlotte Hornets,Washington Wizards,Charlotte Hornets,Player Rebounds,Miles Bridges,Charlotte Hornets,4.5,1.22,NA,BetRight,Washington Wizards,Player Rebounds - Miles Bridges (CHA),40814269,Miles Bridges 5+,NA,2,NA,239564817,NA
Washington Wizards v Charlotte Hornets,Washington Wizards,Charlotte Hornets,Player Rebounds,Miles Bridges,Charlotte Hornets,7.5,2.5,NA,BetRight,Washington Wizards,Player Rebounds - Miles Bridges (CHA),40814269,Miles Bridges 8+,NA,3,NA,239564816,NA
Washington Wizards v Charlotte Hornets,Washington Wizards,Charlotte Hornets,Player Rebounds,Miles Bridges,Charlotte Hornets,9.5,5.5,NA,BetRight,Washington Wizards,Player Rebounds - Miles Bridges (CHA),40814269,Miles Bridges 10+,NA,4,NA,239564813,NA
Washington Wizards v Charlotte Hornets,Washington Wizards,Charlotte Hornets,Player Rebounds,Miles Bridges,Charlotte Hornets,11.5,12,NA,BetRight,Washington Wizards,Player Rebounds - Miles Bridges (CHA),40814269,Miles Bridges 12+,NA,5,NA,239564815,NA
Washington Wizards v Charlotte Hornets,Washington Wizards,Charlotte Hornets,Player Rebounds,Mark Williams,Charlotte Hornets,3.5,1.07,NA,BetRight,Washington Wizards,Player Rebounds - Mark Williams (CHA),40814270,Mark Williams 4+,NA,1,NA,239564818,NA
Washington Wizards v Charlotte Hornets,Washington Wizards,Charlotte Hornets,Player Rebounds,Mark Williams,Charlotte Hornets,4.5,1.17,NA,BetRight,Washington Wizards,Player Rebounds - Mark Williams (CHA),40814270,Mark Williams 5+,NA,2,NA,239564820,NA
Washington Wizards v Charlotte Hornets,Washington Wizards,Charlotte Hornets,Player Rebounds,Mark Williams,Charlotte Hornets,7.5,2.15,NA,BetRight,Washington Wizards,Player Rebounds - Mark Williams (CHA),40814270,Mark Williams 8+,NA,3,NA,239564819,NA
Washington Wizards v Charlotte Hornets,Washington Wizards,Charlotte Hornets,Player Rebounds,Mark Williams,Charlotte Hornets,9.5,4.33,NA,BetRight,Washington Wizards,Player Rebounds - Mark Williams (CHA),40814270,Mark Williams 10+,NA,4,NA,239564821,NA
Washington Wizards v Charlotte Hornets,Washington Wizards,Charlotte Hornets,Player Rebounds,Mark Williams,Charlotte Hornets,11.5,9.5,NA,BetRight,Washington Wizards,Player Rebounds - Mark Williams (CHA),40814270,Mark Williams 12+,NA,5,NA,239643567,NA
Washington Wizards v Charlotte Hornets,Washington Wizards,Charlotte Hornets,Player Rebounds,Jordan Poole,Washington Wizards,3.5,2.75,NA,BetRight,Charlotte Hornets,Player Rebounds - Jordan Poole (WAS),40835691,Jordan Poole 4+,NA,1,NA,239648584,NA
Washington Wizards v Charlotte Hornets,Washington Wizards,Charlotte Hornets,Player Rebounds,Jordan Poole,Washington Wizards,4.5,5,NA,BetRight,Charlotte Hornets,Player Rebounds - Jordan Poole (WAS),40835691,Jordan Poole 5+,NA,2,NA,239648583,NA
Washington Wizards v Charlotte Hornets,Washington Wizards,Charlotte Hornets,Player Rebounds,Jordan Poole,Washington Wizards,7.5,29,NA,BetRight,Charlotte Hornets,Player Rebounds - Jordan Poole (WAS),40835691,Jordan Poole 8+,NA,3,NA,239648582,NA
Washington Wizards v Charlotte Hornets,Washington Wizards,Charlotte Hornets,Player Rebounds,Josh Green,Charlotte Hornets,3.5,1.96,NA,BetRight,Washington Wizards,Player Rebounds - Josh Green (CHA),40837447,Josh Green 4+,NA,1,NA,239661195,NA
Washington Wizards v Charlotte Hornets,Washington Wizards,Charlotte Hornets,Player Rebounds,Josh Green,Charlotte Hornets,4.5,3,NA,BetRight,Washington Wizards,Player Rebounds - Josh Green (CHA),40837447,Josh Green 5+,NA,2,NA,239661194,NA
Washington Wizards v Charlotte Hornets,Washington Wizards,Charlotte Hornets,Player Rebounds,Josh Green,Charlotte Hornets,7.5,15,NA,BetRight,Washington Wizards,Player Rebounds - Josh Green (CHA),40837447,Josh Green 8+,NA,3,NA,239661193,NA
Washington Wizards v Charlotte Hornets,Washington Wizards,Charlotte Hornets,Player Rebounds,Brandon Miller,Charlotte Hornets,3.5,1.21,NA,BetRight,Washington Wizards,Player Rebounds - Brandon Miller (CHA),40837545,Brandon Miller 4+,NA,1,NA,239661578,NA
Washington Wizards v Charlotte Hornets,Washington Wizards,Charlotte Hornets,Player Rebounds,Brandon Miller,Charlotte Hornets,4.5,1.46,NA,BetRight,Washington Wizards,Player Rebounds - Brandon Miller (CHA),40837545,Brandon Miller 5+,NA,2,NA,239661576,NA
Washington Wizards v Charlotte Hornets,Washington Wizards,Charlotte Hornets,Player Rebounds,Brandon Miller,Charlotte Hornets,7.5,4.1,NA,BetRight,Washington Wizards,Player Rebounds - Brandon Miller (CHA),40837545,Brandon Miller 8+,NA,3,NA,239661579,NA
Washington Wizards v Charlotte Hornets,Washington Wizards,Charlotte Hornets,Player Rebounds,Brandon Miller,Charlotte Hornets,9.5,10,NA,BetRight,Washington Wizards,Player Rebounds - Brandon Miller (CHA),40837545,Brandon Miller 10+,NA,4,NA,239661577,NA
Washington Wizards v Charlotte Hornets,Washington Wizards,Charlotte Hornets,Player Rebounds,Corey Kispert,Washington Wizards,3.5,3.3,NA,BetRight,Charlotte Hornets,Player Rebounds - Corey Kispert (WAS),40846474,Corey Kispert 4+,NA,1,NA,239698761,NA
Washington Wizards v Charlotte Hornets,Washington Wizards,Charlotte Hornets,Player Rebounds,Corey Kispert,Washington Wizards,4.5,6.25,NA,BetRight,Charlotte Hornets,Player Rebounds - Corey Kispert (WAS),40846474,Corey Kispert 5+,NA,2,NA,239698762,NA
Washington Wizards v Charlotte Hornets,Washington Wizards,Charlotte Hornets,Player Rebounds,Corey Kispert,Washington Wizards,7.5,34,NA,BetRight,Charlotte Hornets,Player Rebounds - Corey Kispert (WAS),40846474,Corey Kispert 8+,NA,3,NA,239698760,NA
Washington Wizards v Charlotte Hornets,Washington Wizards,Charlotte Hornets,Player Rebounds,Jonas Valanciunas,NA,3.5,1.06,NA,BetRight,NA,Player Rebounds - Jonas Valanciunas (WAS),40856590,Jonas Valanciunas 4+,NA,1,NA,239736820,NA
Washington Wizards v Charlotte Hornets,Washington Wizards,Charlotte Hornets,Player Rebounds,Jonas Valanciunas,NA,4.5,1.15,NA,BetRight,NA,Player Rebounds - Jonas Valanciunas (WAS),40856590,Jonas Valanciunas 5+,NA,2,NA,239736821,NA
Washington Wizards v Charlotte Hornets,Washington Wizards,Charlotte Hornets,Player Rebounds,Jonas Valanciunas,NA,7.5,2.05,NA,BetRight,NA,Player Rebounds - Jonas Valanciunas (WAS),40856590,Jonas Valanciunas 8+,NA,3,NA,239736822,NA
Washington Wizards v Charlotte Hornets,Washington Wizards,Charlotte Hornets,Player Rebounds,Jonas Valanciunas,NA,9.5,4.1,NA,BetRight,NA,Player Rebounds - Jonas Valanciunas (WAS),40856590,Jonas Valanciunas 10+,NA,4,NA,239736823,NA
Washington Wizards v Charlotte Hornets,Washington Wizards,Charlotte Hornets,Player Rebounds,Jonas Valanciunas,NA,11.5,9,NA,BetRight,NA,Player Rebounds - Jonas Valanciunas (WAS),40856590,Jonas Valanciunas 12+,NA,5,NA,239736824,NA
Orlando Magic v Oklahoma City Thunder,Orlando Magic,Oklahoma City Thunder,Player Rebounds,Goga Bitadze,Orlando Magic,4.5,1.02,NA,BetRight,Oklahoma City Thunder,Player Rebounds - Goga Bitadze (ORL),40814549,Goga Bitadze 5+,NA,2,NA,239565843,NA
Orlando Magic v Oklahoma City Thunder,Orlando Magic,Oklahoma City Thunder,Player Rebounds,Goga Bitadze,Orlando Magic,7.5,1.25,NA,BetRight,Oklahoma City Thunder,Player Rebounds - Goga Bitadze (ORL),40814549,Goga Bitadze 8+,NA,3,NA,239565840,NA
Orlando Magic v Oklahoma City Thunder,Orlando Magic,Oklahoma City Thunder,Player Rebounds,Goga Bitadze,Orlando Magic,9.5,1.73,NA,BetRight,Oklahoma City Thunder,Player Rebounds - Goga Bitadze (ORL),40814549,Goga Bitadze 10+,NA,4,NA,239565842,NA
Orlando Magic v Oklahoma City Thunder,Orlando Magic,Oklahoma City Thunder,Player Rebounds,Goga Bitadze,Orlando Magic,11.5,2.8,NA,BetRight,Oklahoma City Thunder,Player Rebounds - Goga Bitadze (ORL),40814549,Goga Bitadze 12+,NA,5,NA,239565841,NA
Orlando Magic v Oklahoma City Thunder,Orlando Magic,Oklahoma City Thunder,Player Rebounds,Goga Bitadze,Orlando Magic,14.5,7.5,NA,BetRight,Oklahoma City Thunder,Player Rebounds - Goga Bitadze (ORL),40814549,Goga Bitadze 15+,NA,6,NA,239655556,NA
Orlando Magic v Oklahoma City Thunder,Orlando Magic,Oklahoma City Thunder,Player Rebounds,Wendell Carter Jr.,Orlando Magic,3.5,1.03,NA,BetRight,Oklahoma City Thunder,Player Rebounds - Wendell Carter Jr. (ORL),40814550,Wendell Carter Jr. 4+,NA,1,NA,239565846,NA
Orlando Magic v Oklahoma City Thunder,Orlando Magic,Oklahoma City Thunder,Player Rebounds,Wendell Carter Jr.,Orlando Magic,4.5,1.07,NA,BetRight,Oklahoma City Thunder,Player Rebounds - Wendell Carter Jr. (ORL),40814550,Wendell Carter Jr. 5+,NA,2,NA,239565847,NA
Orlando Magic v Oklahoma City Thunder,Orlando Magic,Oklahoma City Thunder,Player Rebounds,Wendell Carter Jr.,Orlando Magic,7.5,1.6,NA,BetRight,Oklahoma City Thunder,Player Rebounds - Wendell Carter Jr. (ORL),40814550,Wendell Carter Jr. 8+,NA,3,NA,239565845,NA
Orlando Magic v Oklahoma City Thunder,Orlando Magic,Oklahoma City Thunder,Player Rebounds,Wendell Carter Jr.,Orlando Magic,9.5,2.63,NA,BetRight,Oklahoma City Thunder,Player Rebounds - Wendell Carter Jr. (ORL),40814550,Wendell Carter Jr. 10+,NA,4,NA,239565848,NA
Orlando Magic v Oklahoma City Thunder,Orlando Magic,Oklahoma City Thunder,Player Rebounds,Wendell Carter Jr.,Orlando Magic,11.5,5,NA,BetRight,Oklahoma City Thunder,Player Rebounds - Wendell Carter Jr. (ORL),40814550,Wendell Carter Jr. 12+,NA,5,NA,239565844,NA
Orlando Magic v Oklahoma City Thunder,Orlando Magic,Oklahoma City Thunder,Player Rebounds,Jalen Suggs,Orlando Magic,3.5,1.5,NA,BetRight,Oklahoma City Thunder,Player Rebounds - Jalen Suggs (ORL),40814551,Jalen Suggs 4+,NA,1,NA,239565851,NA
Orlando Magic v Oklahoma City Thunder,Orlando Magic,Oklahoma City Thunder,Player Rebounds,Jalen Suggs,Orlando Magic,4.5,2.05,NA,BetRight,Oklahoma City Thunder,Player Rebounds - Jalen Suggs (ORL),40814551,Jalen Suggs 5+,NA,2,NA,239565849,NA
Orlando Magic v Oklahoma City Thunder,Orlando Magic,Oklahoma City Thunder,Player Rebounds,Jalen Suggs,Orlando Magic,7.5,8,NA,BetRight,Oklahoma City Thunder,Player Rebounds - Jalen Suggs (ORL),40814551,Jalen Suggs 8+,NA,3,NA,239565850,NA
Orlando Magic v Oklahoma City Thunder,Orlando Magic,Oklahoma City Thunder,Player Rebounds,Luguentz Dort,Oklahoma City Thunder,3.5,1.44,NA,BetRight,Orlando Magic,Player Rebounds - Luguentz Dort (OKC),40814552,Luguentz Dort 4+,NA,1,NA,239565854,NA
Orlando Magic v Oklahoma City Thunder,Orlando Magic,Oklahoma City Thunder,Player Rebounds,Luguentz Dort,Oklahoma City Thunder,4.5,1.96,NA,BetRight,Orlando Magic,Player Rebounds - Luguentz Dort (OKC),40814552,Luguentz Dort 5+,NA,2,NA,239565852,NA
Orlando Magic v Oklahoma City Thunder,Orlando Magic,Oklahoma City Thunder,Player Rebounds,Luguentz Dort,Oklahoma City Thunder,7.5,8,NA,BetRight,Orlando Magic,Player Rebounds - Luguentz Dort (OKC),40814552,Luguentz Dort 8+,NA,3,NA,239565855,NA
Orlando Magic v Oklahoma City Thunder,Orlando Magic,Oklahoma City Thunder,Player Rebounds,Luguentz Dort,Oklahoma City Thunder,9.5,21,NA,BetRight,Orlando Magic,Player Rebounds - Luguentz Dort (OKC),40814552,Luguentz Dort 10+,NA,4,NA,239565853,NA
Orlando Magic v Oklahoma City Thunder,Orlando Magic,Oklahoma City Thunder,Player Rebounds,Shai Gilgeous-Alexander,Oklahoma City Thunder,3.5,1.24,NA,BetRight,Orlando Magic,Player Rebounds - Shai Gilgeous-Alexander (OKC),40814553,Shai Gilgeous-Alexander 4+,NA,1,NA,239565856,NA
Orlando Magic v Oklahoma City Thunder,Orlando Magic,Oklahoma City Thunder,Player Rebounds,Shai Gilgeous-Alexander,Oklahoma City Thunder,4.5,1.55,NA,BetRight,Orlando Magic,Player Rebounds - Shai Gilgeous-Alexander (OKC),40814553,Shai Gilgeous-Alexander 5+,NA,2,NA,239565858,NA
Orlando Magic v Oklahoma City Thunder,Orlando Magic,Oklahoma City Thunder,Player Rebounds,Shai Gilgeous-Alexander,Oklahoma City Thunder,7.5,4.75,NA,BetRight,Orlando Magic,Player Rebounds - Shai Gilgeous-Alexander (OKC),40814553,Shai Gilgeous-Alexander 8+,NA,3,NA,239565857,NA
Orlando Magic v Oklahoma City Thunder,Orlando Magic,Oklahoma City Thunder,Player Rebounds,Shai Gilgeous-Alexander,Oklahoma City Thunder,9.5,12,NA,BetRight,Orlando Magic,Player Rebounds - Shai Gilgeous-Alexander (OKC),40814553,Shai Gilgeous-Alexander 10+,NA,4,NA,239565859,NA
Orlando Magic v Oklahoma City Thunder,Orlando Magic,Oklahoma City Thunder,Player Rebounds,Isaiah Hartenstein,Oklahoma City Thunder,7.5,1.08,NA,BetRight,Orlando Magic,Player Rebounds - Isaiah Hartenstein (OKC),40814554,Isaiah Hartenstein 8+,NA,1,NA,239565864,NA
Orlando Magic v Oklahoma City Thunder,Orlando Magic,Oklahoma City Thunder,Player Rebounds,Isaiah Hartenstein,Oklahoma City Thunder,9.5,1.26,NA,BetRight,Orlando Magic,Player Rebounds - Isaiah Hartenstein (OKC),40814554,Isaiah Hartenstein 10+,NA,2,NA,239565862,NA
Orlando Magic v Oklahoma City Thunder,Orlando Magic,Oklahoma City Thunder,Player Rebounds,Isaiah Hartenstein,Oklahoma City Thunder,11.5,1.68,NA,BetRight,Orlando Magic,Player Rebounds - Isaiah Hartenstein (OKC),40814554,Isaiah Hartenstein 12+,NA,3,NA,239565861,NA
Orlando Magic v Oklahoma City Thunder,Orlando Magic,Oklahoma City Thunder,Player Rebounds,Isaiah Hartenstein,Oklahoma City Thunder,14.5,3.4,NA,BetRight,Orlando Magic,Player Rebounds - Isaiah Hartenstein (OKC),40814554,Isaiah Hartenstein 15+,NA,4,NA,239565863,NA
Orlando Magic v Oklahoma City Thunder,Orlando Magic,Oklahoma City Thunder,Player Rebounds,Isaiah Hartenstein,Oklahoma City Thunder,17.5,8.5,NA,BetRight,Orlando Magic,Player Rebounds - Isaiah Hartenstein (OKC),40814554,Isaiah Hartenstein 18+,NA,5,NA,239565860,NA
Orlando Magic v Oklahoma City Thunder,Orlando Magic,Oklahoma City Thunder,Player Rebounds,Jalen Williams,Oklahoma City Thunder,3.5,1.17,NA,BetRight,Orlando Magic,Player Rebounds - Jalen Williams (OKC),40814555,Jalen Williams 4+,NA,1,NA,239565867,NA
Orlando Magic v Oklahoma City Thunder,Orlando Magic,Oklahoma City Thunder,Player Rebounds,Jalen Williams,Oklahoma City Thunder,4.5,1.4,NA,BetRight,Orlando Magic,Player Rebounds - Jalen Williams (OKC),40814555,Jalen Williams 5+,NA,2,NA,239565865,NA
Orlando Magic v Oklahoma City Thunder,Orlando Magic,Oklahoma City Thunder,Player Rebounds,Jalen Williams,Oklahoma City Thunder,7.5,3.8,NA,BetRight,Orlando Magic,Player Rebounds - Jalen Williams (OKC),40814555,Jalen Williams 8+,NA,3,NA,239565868,NA
Orlando Magic v Oklahoma City Thunder,Orlando Magic,Oklahoma City Thunder,Player Rebounds,Jalen Williams,Oklahoma City Thunder,9.5,9,NA,BetRight,Orlando Magic,Player Rebounds - Jalen Williams (OKC),40814555,Jalen Williams 10+,NA,4,NA,239565866,NA
Orlando Magic v Oklahoma City Thunder,Orlando Magic,Oklahoma City Thunder,Player Rebounds,Anthony Black,Orlando Magic,3.5,2.63,NA,BetRight,Oklahoma City Thunder,Player Rebounds - Anthony Black (ORL),40838634,Anthony Black 4+,NA,1,NA,239666173,NA
Orlando Magic v Oklahoma City Thunder,Orlando Magic,Oklahoma City Thunder,Player Rebounds,Anthony Black,Orlando Magic,4.5,4.75,NA,BetRight,Oklahoma City Thunder,Player Rebounds - Anthony Black (ORL),40838634,Anthony Black 5+,NA,2,NA,239666171,NA
Orlando Magic v Oklahoma City Thunder,Orlando Magic,Oklahoma City Thunder,Player Rebounds,Anthony Black,Orlando Magic,7.5,26,NA,BetRight,Oklahoma City Thunder,Player Rebounds - Anthony Black (ORL),40838634,Anthony Black 8+,NA,3,NA,239666172,NA
Orlando Magic v Oklahoma City Thunder,Orlando Magic,Oklahoma City Thunder,Player Rebounds,Kentavious Caldwell-Pope,Orlando Magic,3.5,3.8,NA,BetRight,Oklahoma City Thunder,Player Rebounds - Kentavious Caldwell-Pope (ORL),40838635,Kentavious Caldwell-Pope 4+,NA,1,NA,239666176,NA
Orlando Magic v Oklahoma City Thunder,Orlando Magic,Oklahoma City Thunder,Player Rebounds,Kentavious Caldwell-Pope,Orlando Magic,4.5,7,NA,BetRight,Oklahoma City Thunder,Player Rebounds - Kentavious Caldwell-Pope (ORL),40838635,Kentavious Caldwell-Pope 5+,NA,2,NA,239666174,NA
Orlando Magic v Oklahoma City Thunder,Orlando Magic,Oklahoma City Thunder,Player Rebounds,Kentavious Caldwell-Pope,Orlando Magic,7.5,34,NA,BetRight,Oklahoma City Thunder,Player Rebounds - Kentavious Caldwell-Pope (ORL),40838635,Kentavious Caldwell-Pope 8+,NA,3,NA,239666175,NA
Orlando Magic v Oklahoma City Thunder,Orlando Magic,Oklahoma City Thunder,Player Rebounds,Tristan Da Silva,NA,3.5,1.68,NA,BetRight,NA,Player Rebounds - Tristan Da Silva (ORL),40838636,Tristan Da Silva 4+,NA,1,NA,239666177,NA
Orlando Magic v Oklahoma City Thunder,Orlando Magic,Oklahoma City Thunder,Player Rebounds,Tristan Da Silva,NA,4.5,2.4,NA,BetRight,NA,Player Rebounds - Tristan Da Silva (ORL),40838636,Tristan Da Silva 5+,NA,2,NA,239666179,NA
Orlando Magic v Oklahoma City Thunder,Orlando Magic,Oklahoma City Thunder,Player Rebounds,Tristan Da Silva,NA,7.5,11,NA,BetRight,NA,Player Rebounds - Tristan Da Silva (ORL),40838636,Tristan Da Silva 8+,NA,3,NA,239666178,NA
Orlando Magic v Oklahoma City Thunder,Orlando Magic,Oklahoma City Thunder,Player Rebounds,Moritz Wagner,Orlando Magic,3.5,1.15,NA,BetRight,Oklahoma City Thunder,Player Rebounds - Moritz Wagner (ORL),40838637,Moritz Wagner 4+,NA,1,NA,239666181,NA
Orlando Magic v Oklahoma City Thunder,Orlando Magic,Oklahoma City Thunder,Player Rebounds,Moritz Wagner,Orlando Magic,4.5,1.36,NA,BetRight,Oklahoma City Thunder,Player Rebounds - Moritz Wagner (ORL),40838637,Moritz Wagner 5+,NA,2,NA,239666182,NA
Orlando Magic v Oklahoma City Thunder,Orlando Magic,Oklahoma City Thunder,Player Rebounds,Moritz Wagner,Orlando Magic,7.5,3.25,NA,BetRight,Oklahoma City Thunder,Player Rebounds - Moritz Wagner (ORL),40838637,Moritz Wagner 8+,NA,3,NA,239666180,NA
Orlando Magic v Oklahoma City Thunder,Orlando Magic,Oklahoma City Thunder,Player Rebounds,Moritz Wagner,Orlando Magic,9.5,7.5,NA,BetRight,Oklahoma City Thunder,Player Rebounds - Moritz Wagner (ORL),40838637,Moritz Wagner 10+,NA,4,NA,239666183,NA
Orlando Magic v Oklahoma City Thunder,Orlando Magic,Oklahoma City Thunder,Player Rebounds,Alex Caruso,Oklahoma City Thunder,3.5,2.4,NA,BetRight,Orlando Magic,Player Rebounds - Alex Caruso (OKC),40838638,Alex Caruso 4+,NA,1,NA,239666186,NA
Orlando Magic v Oklahoma City Thunder,Orlando Magic,Oklahoma City Thunder,Player Rebounds,Alex Caruso,Oklahoma City Thunder,4.5,4.33,NA,BetRight,Orlando Magic,Player Rebounds - Alex Caruso (OKC),40838638,Alex Caruso 5+,NA,2,NA,239666184,NA
Orlando Magic v Oklahoma City Thunder,Orlando Magic,Oklahoma City Thunder,Player Rebounds,Alex Caruso,Oklahoma City Thunder,7.5,26,NA,BetRight,Orlando Magic,Player Rebounds - Alex Caruso (OKC),40838638,Alex Caruso 8+,NA,3,NA,239666185,NA
Orlando Magic v Oklahoma City Thunder,Orlando Magic,Oklahoma City Thunder,Player Rebounds,Jonathan Isaac,Orlando Magic,3.5,1.44,NA,BetRight,Oklahoma City Thunder,Player Rebounds - Jonathan Isaac (ORL),40844850,Jonathan Isaac 4+,NA,1,NA,239691125,NA
Orlando Magic v Oklahoma City Thunder,Orlando Magic,Oklahoma City Thunder,Player Rebounds,Jonathan Isaac,Orlando Magic,4.5,1.94,NA,BetRight,Oklahoma City Thunder,Player Rebounds - Jonathan Isaac (ORL),40844850,Jonathan Isaac 5+,NA,2,NA,239691126,NA
Orlando Magic v Oklahoma City Thunder,Orlando Magic,Oklahoma City Thunder,Player Rebounds,Jonathan Isaac,Orlando Magic,7.5,7,NA,BetRight,Oklahoma City Thunder,Player Rebounds - Jonathan Isaac (ORL),40844850,Jonathan Isaac 8+,NA,3,NA,239691127,NA
Orlando Magic v Oklahoma City Thunder,Orlando Magic,Oklahoma City Thunder,Player Rebounds,Jonathan Isaac,Orlando Magic,9.5,19,NA,BetRight,Oklahoma City Thunder,Player Rebounds - Jonathan Isaac (ORL),40844850,Jonathan Isaac 10+,NA,4,NA,239696477,NA
Orlando Magic v Oklahoma City Thunder,Orlando Magic,Oklahoma City Thunder,Player Rebounds,Cason Wallace,Oklahoma City Thunder,3.5,1.8,NA,BetRight,Orlando Magic,Player Rebounds - Cason Wallace (OKC),40856884,Cason Wallace 4+,NA,1,NA,239737513,NA
Orlando Magic v Oklahoma City Thunder,Orlando Magic,Oklahoma City Thunder,Player Rebounds,Cason Wallace,Oklahoma City Thunder,4.5,2.75,NA,BetRight,Orlando Magic,Player Rebounds - Cason Wallace (OKC),40856884,Cason Wallace 5+,NA,2,NA,239737514,NA
Orlando Magic v Oklahoma City Thunder,Orlando Magic,Oklahoma City Thunder,Player Rebounds,Cason Wallace,Oklahoma City Thunder,7.5,13,NA,BetRight,Orlando Magic,Player Rebounds - Cason Wallace (OKC),40856884,Cason Wallace 8+,NA,3,NA,239737515,NA
Detroit Pistons v Utah Jazz,Detroit Pistons,Utah Jazz,Player Rebounds,Cade Cunningham,Detroit Pistons,3.5,1.1,NA,BetRight,Utah Jazz,Player Rebounds - Cade Cunningham (DET),40808953,Cade Cunningham 4+,NA,1,NA,239539234,NA
Detroit Pistons v Utah Jazz,Detroit Pistons,Utah Jazz,Player Rebounds,Cade Cunningham,Detroit Pistons,4.5,1.22,NA,BetRight,Utah Jazz,Player Rebounds - Cade Cunningham (DET),40808953,Cade Cunningham 5+,NA,2,NA,239539235,NA
Detroit Pistons v Utah Jazz,Detroit Pistons,Utah Jazz,Player Rebounds,Cade Cunningham,Detroit Pistons,7.5,2.63,NA,BetRight,Utah Jazz,Player Rebounds - Cade Cunningham (DET),40808953,Cade Cunningham 8+,NA,3,NA,239539236,NA
Detroit Pistons v Utah Jazz,Detroit Pistons,Utah Jazz,Player Rebounds,Cade Cunningham,Detroit Pistons,9.5,6,NA,BetRight,Utah Jazz,Player Rebounds - Cade Cunningham (DET),40808953,Cade Cunningham 10+,NA,4,NA,239539237,NA
Detroit Pistons v Utah Jazz,Detroit Pistons,Utah Jazz,Player Rebounds,Cade Cunningham,Detroit Pistons,11.5,13,NA,BetRight,Utah Jazz,Player Rebounds - Cade Cunningham (DET),40808953,Cade Cunningham 12+,NA,5,NA,239539238,NA
Detroit Pistons v Utah Jazz,Detroit Pistons,Utah Jazz,Player Rebounds,Jalen Duren,Detroit Pistons,4.5,1.01,NA,BetRight,Utah Jazz,Player Rebounds - Jalen Duren (DET),40808954,Jalen Duren 5+,NA,1,NA,239539239,NA
Detroit Pistons v Utah Jazz,Detroit Pistons,Utah Jazz,Player Rebounds,Jalen Duren,Detroit Pistons,7.5,1.15,NA,BetRight,Utah Jazz,Player Rebounds - Jalen Duren (DET),40808954,Jalen Duren 8+,NA,2,NA,239539240,NA
Detroit Pistons v Utah Jazz,Detroit Pistons,Utah Jazz,Player Rebounds,Jalen Duren,Detroit Pistons,9.5,1.5,NA,BetRight,Utah Jazz,Player Rebounds - Jalen Duren (DET),40808954,Jalen Duren 10+,NA,3,NA,239539241,NA
Detroit Pistons v Utah Jazz,Detroit Pistons,Utah Jazz,Player Rebounds,Jalen Duren,Detroit Pistons,11.5,2.3,NA,BetRight,Utah Jazz,Player Rebounds - Jalen Duren (DET),40808954,Jalen Duren 12+,NA,4,NA,239539242,NA
Detroit Pistons v Utah Jazz,Detroit Pistons,Utah Jazz,Player Rebounds,Jalen Duren,Detroit Pistons,14.5,5.5,NA,BetRight,Utah Jazz,Player Rebounds - Jalen Duren (DET),40808954,Jalen Duren 15+,NA,5,NA,239539243,NA
Detroit Pistons v Utah Jazz,Detroit Pistons,Utah Jazz,Player Rebounds,Tobias Harris,Detroit Pistons,3.5,1.13,NA,BetRight,Utah Jazz,Player Rebounds - Tobias Harris (DET),40808955,Tobias Harris 4+,NA,1,NA,239539244,NA
Detroit Pistons v Utah Jazz,Detroit Pistons,Utah Jazz,Player Rebounds,Tobias Harris,Detroit Pistons,4.5,1.3,NA,BetRight,Utah Jazz,Player Rebounds - Tobias Harris (DET),40808955,Tobias Harris 5+,NA,2,NA,239539245,NA
Detroit Pistons v Utah Jazz,Detroit Pistons,Utah Jazz,Player Rebounds,Tobias Harris,Detroit Pistons,7.5,3.2,NA,BetRight,Utah Jazz,Player Rebounds - Tobias Harris (DET),40808955,Tobias Harris 8+,NA,3,NA,239539246,NA
Detroit Pistons v Utah Jazz,Detroit Pistons,Utah Jazz,Player Rebounds,Tobias Harris,Detroit Pistons,9.5,7.5,NA,BetRight,Utah Jazz,Player Rebounds - Tobias Harris (DET),40808955,Tobias Harris 10+,NA,4,NA,239539247,NA
Detroit Pistons v Utah Jazz,Detroit Pistons,Utah Jazz,Player Rebounds,John Collins,Utah Jazz,3.5,1.02,NA,BetRight,Detroit Pistons,Player Rebounds - John Collins (UTA),40808957,John Collins 4+,NA,1,NA,239539251,NA
Detroit Pistons v Utah Jazz,Detroit Pistons,Utah Jazz,Player Rebounds,John Collins,Utah Jazz,4.5,1.07,NA,BetRight,Detroit Pistons,Player Rebounds - John Collins (UTA),40808957,John Collins 5+,NA,2,NA,239539252,NA
Detroit Pistons v Utah Jazz,Detroit Pistons,Utah Jazz,Player Rebounds,John Collins,Utah Jazz,7.5,1.57,NA,BetRight,Detroit Pistons,Player Rebounds - John Collins (UTA),40808957,John Collins 8+,NA,3,NA,239539253,NA
Detroit Pistons v Utah Jazz,Detroit Pistons,Utah Jazz,Player Rebounds,John Collins,Utah Jazz,9.5,2.63,NA,BetRight,Detroit Pistons,Player Rebounds - John Collins (UTA),40808957,John Collins 10+,NA,4,NA,239539254,NA
Detroit Pistons v Utah Jazz,Detroit Pistons,Utah Jazz,Player Rebounds,John Collins,Utah Jazz,11.5,5,NA,BetRight,Detroit Pistons,Player Rebounds - John Collins (UTA),40808957,John Collins 12+,NA,5,NA,239539255,NA
Detroit Pistons v Utah Jazz,Detroit Pistons,Utah Jazz,Player Rebounds,Keyonte George,Utah Jazz,3.5,2.38,NA,BetRight,Detroit Pistons,Player Rebounds - Keyonte George (UTA),40808958,Keyonte George 4+,NA,1,NA,239539256,NA
Detroit Pistons v Utah Jazz,Detroit Pistons,Utah Jazz,Player Rebounds,Keyonte George,Utah Jazz,4.5,4.1,NA,BetRight,Detroit Pistons,Player Rebounds - Keyonte George (UTA),40808958,Keyonte George 5+,NA,2,NA,239539257,NA
Detroit Pistons v Utah Jazz,Detroit Pistons,Utah Jazz,Player Rebounds,Keyonte George,Utah Jazz,7.5,23,NA,BetRight,Detroit Pistons,Player Rebounds - Keyonte George (UTA),40808958,Keyonte George 8+,NA,3,NA,239539258,NA
Detroit Pistons v Utah Jazz,Detroit Pistons,Utah Jazz,Player Rebounds,Walker Kessler,Utah Jazz,7.5,1.13,NA,BetRight,Detroit Pistons,Player Rebounds - Walker Kessler (UTA),40808959,Walker Kessler 8+,NA,2,NA,239539260,NA
Detroit Pistons v Utah Jazz,Detroit Pistons,Utah Jazz,Player Rebounds,Walker Kessler,Utah Jazz,9.5,1.4,NA,BetRight,Detroit Pistons,Player Rebounds - Walker Kessler (UTA),40808959,Walker Kessler 10+,NA,3,NA,239539261,NA
Detroit Pistons v Utah Jazz,Detroit Pistons,Utah Jazz,Player Rebounds,Walker Kessler,Utah Jazz,11.5,2,NA,BetRight,Detroit Pistons,Player Rebounds - Walker Kessler (UTA),40808959,Walker Kessler 12+,NA,4,NA,239539262,NA
Detroit Pistons v Utah Jazz,Detroit Pistons,Utah Jazz,Player Rebounds,Walker Kessler,Utah Jazz,14.5,4.33,NA,BetRight,Detroit Pistons,Player Rebounds - Walker Kessler (UTA),40808959,Walker Kessler 15+,NA,5,NA,239539263,NA
Detroit Pistons v Utah Jazz,Detroit Pistons,Utah Jazz,Player Rebounds,Walker Kessler,Utah Jazz,17.5,12,NA,BetRight,Detroit Pistons,Player Rebounds - Walker Kessler (UTA),40808959,Walker Kessler 18+,NA,6,NA,239662030,NA
Detroit Pistons v Utah Jazz,Detroit Pistons,Utah Jazz,Player Rebounds,Lauri Markkanen,Utah Jazz,3.5,1.11,NA,BetRight,Detroit Pistons,Player Rebounds - Lauri Elias Markkanen (UTA),40808960,Lauri Elias Markkanen 4+,NA,1,NA,239539264,NA
Detroit Pistons v Utah Jazz,Detroit Pistons,Utah Jazz,Player Rebounds,Lauri Markkanen,Utah Jazz,4.5,1.26,NA,BetRight,Detroit Pistons,Player Rebounds - Lauri Elias Markkanen (UTA),40808960,Lauri Elias Markkanen 5+,NA,2,NA,239539265,NA
Detroit Pistons v Utah Jazz,Detroit Pistons,Utah Jazz,Player Rebounds,Lauri Markkanen,Utah Jazz,7.5,2.8,NA,BetRight,Detroit Pistons,Player Rebounds - Lauri Elias Markkanen (UTA),40808960,Lauri Elias Markkanen 8+,NA,3,NA,239539266,NA
Detroit Pistons v Utah Jazz,Detroit Pistons,Utah Jazz,Player Rebounds,Lauri Markkanen,Utah Jazz,9.5,6,NA,BetRight,Detroit Pistons,Player Rebounds - Lauri Elias Markkanen (UTA),40808960,Lauri Elias Markkanen 10+,NA,4,NA,239539267,NA
Detroit Pistons v Utah Jazz,Detroit Pistons,Utah Jazz,Player Rebounds,Collin Sexton,Utah Jazz,3.5,3.3,NA,BetRight,Detroit Pistons,Player Rebounds - Collin Sexton (UTA),40808961,Collin Sexton 4+,NA,1,NA,239539268,NA
Detroit Pistons v Utah Jazz,Detroit Pistons,Utah Jazz,Player Rebounds,Collin Sexton,Utah Jazz,4.5,6.25,NA,BetRight,Detroit Pistons,Player Rebounds - Collin Sexton (UTA),40808961,Collin Sexton 5+,NA,2,NA,239539269,NA
Detroit Pistons v Utah Jazz,Detroit Pistons,Utah Jazz,Player Rebounds,Collin Sexton,Utah Jazz,7.5,34,NA,BetRight,Detroit Pistons,Player Rebounds - Collin Sexton (UTA),40808961,Collin Sexton 8+,NA,3,NA,239539270,NA
Detroit Pistons v Utah Jazz,Detroit Pistons,Utah Jazz,Player Rebounds,Malik Beasley,Detroit Pistons,3.5,2.25,NA,BetRight,Utah Jazz,Player Rebounds - Malik Beasley (DET),40844812,Malik Beasley 4+,NA,1,NA,239691006,NA
Detroit Pistons v Utah Jazz,Detroit Pistons,Utah Jazz,Player Rebounds,Malik Beasley,Detroit Pistons,4.5,3.8,NA,BetRight,Utah Jazz,Player Rebounds - Malik Beasley (DET),40844812,Malik Beasley 5+,NA,2,NA,239691007,NA
Detroit Pistons v Utah Jazz,Detroit Pistons,Utah Jazz,Player Rebounds,Malik Beasley,Detroit Pistons,7.5,21,NA,BetRight,Utah Jazz,Player Rebounds - Malik Beasley (DET),40844812,Malik Beasley 8+,NA,3,NA,239691008,NA
Detroit Pistons v Utah Jazz,Detroit Pistons,Utah Jazz,Player Rebounds,Tim Hardaway Jr.,Detroit Pistons,3.5,3.5,NA,BetRight,Utah Jazz,Player Rebounds - Tim Hardaway Jr. (DET),40844813,Tim Hardaway Jr. 4+,NA,1,NA,239691009,NA
Detroit Pistons v Utah Jazz,Detroit Pistons,Utah Jazz,Player Rebounds,Tim Hardaway Jr.,Detroit Pistons,4.5,6.5,NA,BetRight,Utah Jazz,Player Rebounds - Tim Hardaway Jr. (DET),40844813,Tim Hardaway Jr. 5+,NA,2,NA,239691010,NA
Detroit Pistons v Utah Jazz,Detroit Pistons,Utah Jazz,Player Rebounds,Tim Hardaway Jr.,Detroit Pistons,7.5,34,NA,BetRight,Utah Jazz,Player Rebounds - Tim Hardaway Jr. (DET),40844813,Tim Hardaway Jr. 8+,NA,3,NA,239691011,NA
Detroit Pistons v Utah Jazz,Detroit Pistons,Utah Jazz,Player Rebounds,Jordan Clarkson,Utah Jazz,3.5,2.2,NA,BetRight,Detroit Pistons,Player Rebounds - Jordan Clarkson (UTA),40844814,Jordan Clarkson 4+,NA,1,NA,239691012,NA
Detroit Pistons v Utah Jazz,Detroit Pistons,Utah Jazz,Player Rebounds,Jordan Clarkson,Utah Jazz,4.5,3.6,NA,BetRight,Detroit Pistons,Player Rebounds - Jordan Clarkson (UTA),40844814,Jordan Clarkson 5+,NA,2,NA,239691013,NA
Detroit Pistons v Utah Jazz,Detroit Pistons,Utah Jazz,Player Rebounds,Jordan Clarkson,Utah Jazz,7.5,19,NA,BetRight,Detroit Pistons,Player Rebounds - Jordan Clarkson (UTA),40844814,Jordan Clarkson 8+,NA,3,NA,239691014,NA
Detroit Pistons v Utah Jazz,Detroit Pistons,Utah Jazz,Player Rebounds,Johnny Juzang,Utah Jazz,3.5,3.3,NA,BetRight,Detroit Pistons,Player Rebounds - Johnny Juzang (UTA),40844815,Johnny Juzang 4+,NA,1,NA,239691015,NA
Detroit Pistons v Utah Jazz,Detroit Pistons,Utah Jazz,Player Rebounds,Johnny Juzang,Utah Jazz,4.5,6,NA,BetRight,Detroit Pistons,Player Rebounds - Johnny Juzang (UTA),40844815,Johnny Juzang 5+,NA,2,NA,239691016,NA
Detroit Pistons v Utah Jazz,Detroit Pistons,Utah Jazz,Player Rebounds,Johnny Juzang,Utah Jazz,7.5,34,NA,BetRight,Detroit Pistons,Player Rebounds - Johnny Juzang (UTA),40844815,Johnny Juzang 8+,NA,3,NA,239691017,NA
Detroit Pistons v Utah Jazz,Detroit Pistons,Utah Jazz,Player Rebounds,Brice Sensabaugh,Utah Jazz,3.5,3.2,NA,BetRight,Detroit Pistons,Player Rebounds - Brice Sensabaugh (UTA),40844816,Brice Sensabaugh 4+,NA,1,NA,239691018,NA
Detroit Pistons v Utah Jazz,Detroit Pistons,Utah Jazz,Player Rebounds,Brice Sensabaugh,Utah Jazz,4.5,6,NA,BetRight,Detroit Pistons,Player Rebounds - Brice Sensabaugh (UTA),40844816,Brice Sensabaugh 5+,NA,2,NA,239691019,NA
Detroit Pistons v Utah Jazz,Detroit Pistons,Utah Jazz,Player Rebounds,Brice Sensabaugh,Utah Jazz,7.5,34,NA,BetRight,Detroit Pistons,Player Rebounds - Brice Sensabaugh (UTA),40844816,Brice Sensabaugh 8+,NA,3,NA,239691020,NA
Detroit Pistons v Utah Jazz,Detroit Pistons,Utah Jazz,Player Rebounds,Simone Fontecchio,Detroit Pistons,3.5,3.6,NA,BetRight,Utah Jazz,Player Rebounds - Simone Fontecchio (DET),40856594,Simone Fontecchio 4+,NA,1,NA,239736835,NA
Detroit Pistons v Utah Jazz,Detroit Pistons,Utah Jazz,Player Rebounds,Simone Fontecchio,Detroit Pistons,4.5,6.75,NA,BetRight,Utah Jazz,Player Rebounds - Simone Fontecchio (DET),40856594,Simone Fontecchio 5+,NA,2,NA,239736836,NA
Detroit Pistons v Utah Jazz,Detroit Pistons,Utah Jazz,Player Rebounds,Simone Fontecchio,Detroit Pistons,7.5,34,NA,BetRight,Utah Jazz,Player Rebounds - Simone Fontecchio (DET),40856594,Simone Fontecchio 8+,NA,3,NA,239736837,NA
Detroit Pistons v Utah Jazz,Detroit Pistons,Utah Jazz,Player Rebounds,Ron Holland II,NA,3.5,1.73,NA,BetRight,NA,Player Rebounds - Ron Holland II (DET),40858139,Ron Holland II 4+,NA,1,NA,239743812,NA
Detroit Pistons v Utah Jazz,Detroit Pistons,Utah Jazz,Player Rebounds,Ron Holland II,NA,4.5,2.63,NA,BetRight,NA,Player Rebounds - Ron Holland II (DET),40858139,Ron Holland II 5+,NA,2,NA,239743813,NA
Detroit Pistons v Utah Jazz,Detroit Pistons,Utah Jazz,Player Rebounds,Ron Holland II,NA,7.5,13,NA,BetRight,NA,Player Rebounds - Ron Holland II (DET),40858139,Ron Holland II 8+,NA,3,NA,239743814,NA
Toronto Raptors v Brooklyn Nets,Toronto Raptors,Brooklyn Nets,Player Rebounds,Nic Claxton,Brooklyn Nets,3.5,1.02,NA,BetRight,Toronto Raptors,Player Rebounds - Nicolas Claxton (BKN),40814602,Nicolas Claxton 4+,NA,1,NA,239566016,NA
Toronto Raptors v Brooklyn Nets,Toronto Raptors,Brooklyn Nets,Player Rebounds,Nic Claxton,Brooklyn Nets,4.5,1.05,NA,BetRight,Toronto Raptors,Player Rebounds - Nicolas Claxton (BKN),40814602,Nicolas Claxton 5+,NA,2,NA,239566013,NA
Toronto Raptors v Brooklyn Nets,Toronto Raptors,Brooklyn Nets,Player Rebounds,Nic Claxton,Brooklyn Nets,7.5,1.5,NA,BetRight,Toronto Raptors,Player Rebounds - Nicolas Claxton (BKN),40814602,Nicolas Claxton 8+,NA,3,NA,239566015,NA
Toronto Raptors v Brooklyn Nets,Toronto Raptors,Brooklyn Nets,Player Rebounds,Nic Claxton,Brooklyn Nets,9.5,2.4,NA,BetRight,Toronto Raptors,Player Rebounds - Nicolas Claxton (BKN),40814602,Nicolas Claxton 10+,NA,4,NA,239566014,NA
Toronto Raptors v Brooklyn Nets,Toronto Raptors,Brooklyn Nets,Player Rebounds,Nic Claxton,Brooklyn Nets,11.5,4.75,NA,BetRight,Toronto Raptors,Player Rebounds - Nicolas Claxton (BKN),40814602,Nicolas Claxton 12+,NA,5,NA,239566017,NA
Toronto Raptors v Brooklyn Nets,Toronto Raptors,Brooklyn Nets,Player Rebounds,Dorian Finney-Smith,Brooklyn Nets,3.5,1.48,NA,BetRight,Toronto Raptors,Player Rebounds - Dorian Finney-Smith (BKN),40814603,Dorian Finney-Smith 4+,NA,1,NA,239566019,NA
Toronto Raptors v Brooklyn Nets,Toronto Raptors,Brooklyn Nets,Player Rebounds,Dorian Finney-Smith,Brooklyn Nets,4.5,2,NA,BetRight,Toronto Raptors,Player Rebounds - Dorian Finney-Smith (BKN),40814603,Dorian Finney-Smith 5+,NA,2,NA,239566020,NA
Toronto Raptors v Brooklyn Nets,Toronto Raptors,Brooklyn Nets,Player Rebounds,Dorian Finney-Smith,Brooklyn Nets,7.5,8,NA,BetRight,Toronto Raptors,Player Rebounds - Dorian Finney-Smith (BKN),40814603,Dorian Finney-Smith 8+,NA,3,NA,239566018,NA
Toronto Raptors v Brooklyn Nets,Toronto Raptors,Brooklyn Nets,Player Rebounds,Cameron Johnson,Brooklyn Nets,3.5,1.5,NA,BetRight,Toronto Raptors,Player Rebounds - Cameron Johnson (BKN),40814604,Cameron Johnson 4+,NA,1,NA,239566022,NA
Toronto Raptors v Brooklyn Nets,Toronto Raptors,Brooklyn Nets,Player Rebounds,Cameron Johnson,Brooklyn Nets,4.5,2.1,NA,BetRight,Toronto Raptors,Player Rebounds - Cameron Johnson (BKN),40814604,Cameron Johnson 5+,NA,2,NA,239566023,NA
Toronto Raptors v Brooklyn Nets,Toronto Raptors,Brooklyn Nets,Player Rebounds,Cameron Johnson,Brooklyn Nets,7.5,9,NA,BetRight,Toronto Raptors,Player Rebounds - Cameron Johnson (BKN),40814604,Cameron Johnson 8+,NA,3,NA,239566021,NA
Toronto Raptors v Brooklyn Nets,Toronto Raptors,Brooklyn Nets,Player Rebounds,Ben Simmons,Brooklyn Nets,3.5,1.05,NA,BetRight,Toronto Raptors,Player Rebounds - Ben Simmons (BKN),40814605,Ben Simmons 4+,NA,1,NA,239566027,NA
Toronto Raptors v Brooklyn Nets,Toronto Raptors,Brooklyn Nets,Player Rebounds,Ben Simmons,Brooklyn Nets,4.5,1.14,NA,BetRight,Toronto Raptors,Player Rebounds - Ben Simmons (BKN),40814605,Ben Simmons 5+,NA,2,NA,239566025,NA
Toronto Raptors v Brooklyn Nets,Toronto Raptors,Brooklyn Nets,Player Rebounds,Ben Simmons,Brooklyn Nets,7.5,2,NA,BetRight,Toronto Raptors,Player Rebounds - Ben Simmons (BKN),40814605,Ben Simmons 8+,NA,3,NA,239566026,NA
Toronto Raptors v Brooklyn Nets,Toronto Raptors,Brooklyn Nets,Player Rebounds,Ben Simmons,Brooklyn Nets,9.5,3.9,NA,BetRight,Toronto Raptors,Player Rebounds - Ben Simmons (BKN),40814605,Ben Simmons 10+,NA,4,NA,239566024,NA
Toronto Raptors v Brooklyn Nets,Toronto Raptors,Brooklyn Nets,Player Rebounds,Ben Simmons,Brooklyn Nets,11.5,9,NA,BetRight,Toronto Raptors,Player Rebounds - Ben Simmons (BKN),40814605,Ben Simmons 12+,NA,5,NA,239642842,NA
Toronto Raptors v Brooklyn Nets,Toronto Raptors,Brooklyn Nets,Player Rebounds,Scottie Barnes,Toronto Raptors,3.5,1.03,NA,BetRight,Brooklyn Nets,Player Rebounds - Scottie Barnes (TOR),40834604,Scottie Barnes 4+,NA,1,NA,239643543,NA
Toronto Raptors v Brooklyn Nets,Toronto Raptors,Brooklyn Nets,Player Rebounds,Scottie Barnes,Toronto Raptors,4.5,1.1,NA,BetRight,Brooklyn Nets,Player Rebounds - Scottie Barnes (TOR),40834604,Scottie Barnes 5+,NA,2,NA,239643541,NA
Toronto Raptors v Brooklyn Nets,Toronto Raptors,Brooklyn Nets,Player Rebounds,Scottie Barnes,Toronto Raptors,7.5,1.78,NA,BetRight,Brooklyn Nets,Player Rebounds - Scottie Barnes (TOR),40834604,Scottie Barnes 8+,NA,3,NA,239643544,NA
Toronto Raptors v Brooklyn Nets,Toronto Raptors,Brooklyn Nets,Player Rebounds,Scottie Barnes,Toronto Raptors,9.5,3.25,NA,BetRight,Brooklyn Nets,Player Rebounds - Scottie Barnes (TOR),40834604,Scottie Barnes 10+,NA,4,NA,239643542,NA
Toronto Raptors v Brooklyn Nets,Toronto Raptors,Brooklyn Nets,Player Rebounds,Scottie Barnes,Toronto Raptors,11.5,7,NA,BetRight,Brooklyn Nets,Player Rebounds - Scottie Barnes (TOR),40834604,Scottie Barnes 12+,NA,5,NA,239643545,NA
Toronto Raptors v Brooklyn Nets,Toronto Raptors,Brooklyn Nets,Player Rebounds,RJ Barrett,Toronto Raptors,3.5,1.05,NA,BetRight,Brooklyn Nets,Player Rebounds - R.J. Barrett (TOR),40845044,R.J. Barrett 4+,NA,1,NA,239691734,NA
Toronto Raptors v Brooklyn Nets,Toronto Raptors,Brooklyn Nets,Player Rebounds,RJ Barrett,Toronto Raptors,4.5,1.14,NA,BetRight,Brooklyn Nets,Player Rebounds - R.J. Barrett (TOR),40845044,R.J. Barrett 5+,NA,2,NA,239691735,NA
Toronto Raptors v Brooklyn Nets,Toronto Raptors,Brooklyn Nets,Player Rebounds,RJ Barrett,Toronto Raptors,7.5,2.05,NA,BetRight,Brooklyn Nets,Player Rebounds - R.J. Barrett (TOR),40845044,R.J. Barrett 8+,NA,3,NA,239691736,NA
Toronto Raptors v Brooklyn Nets,Toronto Raptors,Brooklyn Nets,Player Rebounds,RJ Barrett,Toronto Raptors,9.5,4,NA,BetRight,Brooklyn Nets,Player Rebounds - R.J. Barrett (TOR),40845044,R.J. Barrett 10+,NA,4,NA,239691737,NA
Toronto Raptors v Brooklyn Nets,Toronto Raptors,Brooklyn Nets,Player Rebounds,RJ Barrett,Toronto Raptors,11.5,9,NA,BetRight,Brooklyn Nets,Player Rebounds - R.J. Barrett (TOR),40845044,R.J. Barrett 12+,NA,5,NA,239691738,NA
Toronto Raptors v Brooklyn Nets,Toronto Raptors,Brooklyn Nets,Player Rebounds,Gradey Dick,Toronto Raptors,3.5,1.83,NA,BetRight,Brooklyn Nets,Player Rebounds - Gradey Dick (TOR),40845045,Gradey Dick 4+,NA,1,NA,239691739,NA
Toronto Raptors v Brooklyn Nets,Toronto Raptors,Brooklyn Nets,Player Rebounds,Gradey Dick,Toronto Raptors,4.5,2.8,NA,BetRight,Brooklyn Nets,Player Rebounds - Gradey Dick (TOR),40845045,Gradey Dick 5+,NA,2,NA,239691740,NA
Toronto Raptors v Brooklyn Nets,Toronto Raptors,Brooklyn Nets,Player Rebounds,Gradey Dick,Toronto Raptors,7.5,13,NA,BetRight,Brooklyn Nets,Player Rebounds - Gradey Dick (TOR),40845045,Gradey Dick 8+,NA,3,NA,239691741,NA
Toronto Raptors v Brooklyn Nets,Toronto Raptors,Brooklyn Nets,Player Rebounds,Keon Johnson,Brooklyn Nets,3.5,2.2,NA,BetRight,Toronto Raptors,Player Rebounds - Keon Johnson (BKN),40845046,Keon Johnson 4+,NA,1,NA,239691742,NA
Toronto Raptors v Brooklyn Nets,Toronto Raptors,Brooklyn Nets,Player Rebounds,Keon Johnson,Brooklyn Nets,4.5,3.75,NA,BetRight,Toronto Raptors,Player Rebounds - Keon Johnson (BKN),40845046,Keon Johnson 5+,NA,2,NA,239691743,NA
Toronto Raptors v Brooklyn Nets,Toronto Raptors,Brooklyn Nets,Player Rebounds,Keon Johnson,Brooklyn Nets,7.5,21,NA,BetRight,Toronto Raptors,Player Rebounds - Keon Johnson (BKN),40845046,Keon Johnson 8+,NA,3,NA,239691744,NA
Toronto Raptors v Brooklyn Nets,Toronto Raptors,Brooklyn Nets,Player Rebounds,Jalen Wilson,Brooklyn Nets,3.5,1.8,NA,BetRight,Toronto Raptors,Player Rebounds - Jalen Wilson (BKN),40845047,Jalen Wilson 4+,NA,1,NA,239691745,NA
Toronto Raptors v Brooklyn Nets,Toronto Raptors,Brooklyn Nets,Player Rebounds,Jalen Wilson,Brooklyn Nets,4.5,2.63,NA,BetRight,Toronto Raptors,Player Rebounds - Jalen Wilson (BKN),40845047,Jalen Wilson 5+,NA,2,NA,239691746,NA
Toronto Raptors v Brooklyn Nets,Toronto Raptors,Brooklyn Nets,Player Rebounds,Jalen Wilson,Brooklyn Nets,7.5,13,NA,BetRight,Toronto Raptors,Player Rebounds - Jalen Wilson (BKN),40845047,Jalen Wilson 8+,NA,3,NA,239691747,NA
Toronto Raptors v Brooklyn Nets,Toronto Raptors,Brooklyn Nets,Player Rebounds,Ochai Agbaji,Toronto Raptors,3.5,1.7,NA,BetRight,Brooklyn Nets,Player Rebounds - Ochai Agbaji (TOR),40856973,Ochai Agbaji 4+,NA,1,NA,239737736,NA
Toronto Raptors v Brooklyn Nets,Toronto Raptors,Brooklyn Nets,Player Rebounds,Ochai Agbaji,Toronto Raptors,4.5,2.5,NA,BetRight,Brooklyn Nets,Player Rebounds - Ochai Agbaji (TOR),40856973,Ochai Agbaji 5+,NA,2,NA,239737737,NA
Toronto Raptors v Brooklyn Nets,Toronto Raptors,Brooklyn Nets,Player Rebounds,Ochai Agbaji,Toronto Raptors,7.5,12,NA,BetRight,Brooklyn Nets,Player Rebounds - Ochai Agbaji (TOR),40856973,Ochai Agbaji 8+,NA,3,NA,239737738,NA
Toronto Raptors v Brooklyn Nets,Toronto Raptors,Brooklyn Nets,Player Rebounds,Noah Clowney,Brooklyn Nets,3.5,1.75,NA,BetRight,Toronto Raptors,Player Rebounds - Noah Clowney (BKN),40856974,Noah Clowney 4+,NA,1,NA,239737739,NA
Toronto Raptors v Brooklyn Nets,Toronto Raptors,Brooklyn Nets,Player Rebounds,Noah Clowney,Brooklyn Nets,4.5,2.63,NA,BetRight,Toronto Raptors,Player Rebounds - Noah Clowney (BKN),40856974,Noah Clowney 5+,NA,2,NA,239737740,NA
Toronto Raptors v Brooklyn Nets,Toronto Raptors,Brooklyn Nets,Player Rebounds,Noah Clowney,Brooklyn Nets,7.5,13,NA,BetRight,Toronto Raptors,Player Rebounds - Noah Clowney (BKN),40856974,Noah Clowney 8+,NA,3,NA,239737741,NA
Toronto Raptors v Brooklyn Nets,Toronto Raptors,Brooklyn Nets,Player Rebounds,Shake Milton,Brooklyn Nets,3.5,4.5,NA,BetRight,Toronto Raptors,Player Rebounds - Shake Milton (BKN),40856975,Shake Milton 4+,NA,1,NA,239737742,NA
Toronto Raptors v Brooklyn Nets,Toronto Raptors,Brooklyn Nets,Player Rebounds,Shake Milton,Brooklyn Nets,4.5,9,NA,BetRight,Toronto Raptors,Player Rebounds - Shake Milton (BKN),40856975,Shake Milton 5+,NA,2,NA,239737743,NA
Toronto Raptors v Brooklyn Nets,Toronto Raptors,Brooklyn Nets,Player Rebounds,Shake Milton,Brooklyn Nets,7.5,41,NA,BetRight,Toronto Raptors,Player Rebounds - Shake Milton (BKN),40856975,Shake Milton 8+,NA,3,NA,239737744,NA
Toronto Raptors v Brooklyn Nets,Toronto Raptors,Brooklyn Nets,Player Rebounds,Day'Ron Sharpe,Brooklyn Nets,3.5,1.09,NA,BetRight,Toronto Raptors,Player Rebounds - Day'Ron Sharpe (BKN),40857138,Day'Ron Sharpe 4+,NA,1,NA,239738209,NA
Toronto Raptors v Brooklyn Nets,Toronto Raptors,Brooklyn Nets,Player Rebounds,Day'Ron Sharpe,Brooklyn Nets,4.5,1.22,NA,BetRight,Toronto Raptors,Player Rebounds - Day'Ron Sharpe (BKN),40857138,Day'Ron Sharpe 5+,NA,2,NA,239738210,NA
Toronto Raptors v Brooklyn Nets,Toronto Raptors,Brooklyn Nets,Player Rebounds,Day'Ron Sharpe,Brooklyn Nets,7.5,2.5,NA,BetRight,Toronto Raptors,Player Rebounds - Day'Ron Sharpe (BKN),40857138,Day'Ron Sharpe 8+,NA,3,NA,239738211,NA
Toronto Raptors v Brooklyn Nets,Toronto Raptors,Brooklyn Nets,Player Rebounds,Day'Ron Sharpe,Brooklyn Nets,9.5,5.5,NA,BetRight,Toronto Raptors,Player Rebounds - Day'Ron Sharpe (BKN),40857138,Day'Ron Sharpe 10+,NA,4,NA,239738212,NA
Toronto Raptors v Brooklyn Nets,Toronto Raptors,Brooklyn Nets,Player Rebounds,Day'Ron Sharpe,Brooklyn Nets,11.5,13,NA,BetRight,Toronto Raptors,Player Rebounds - Day'Ron Sharpe (BKN),40857138,Day'Ron Sharpe 12+,NA,5,NA,239738213,NA
Boston Celtics v Chicago Bulls,Boston Celtics,Chicago Bulls,Player Rebounds,Jaylen Brown,Boston Celtics,3.5,1.17,NA,BetRight,Chicago Bulls,Player Rebounds - Jaylen Brown (BOS),40813145,Jaylen Brown 4+,NA,1,NA,239558147,NA
Boston Celtics v Chicago Bulls,Boston Celtics,Chicago Bulls,Player Rebounds,Jaylen Brown,Boston Celtics,4.5,1.38,NA,BetRight,Chicago Bulls,Player Rebounds - Jaylen Brown (BOS),40813145,Jaylen Brown 5+,NA,2,NA,239558145,NA
Boston Celtics v Chicago Bulls,Boston Celtics,Chicago Bulls,Player Rebounds,Jaylen Brown,Boston Celtics,7.5,3.5,NA,BetRight,Chicago Bulls,Player Rebounds - Jaylen Brown (BOS),40813145,Jaylen Brown 8+,NA,3,NA,239558146,NA
Boston Celtics v Chicago Bulls,Boston Celtics,Chicago Bulls,Player Rebounds,Jaylen Brown,Boston Celtics,9.5,8.5,NA,BetRight,Chicago Bulls,Player Rebounds - Jaylen Brown (BOS),40813145,Jaylen Brown 10+,NA,4,NA,239558144,NA
Boston Celtics v Chicago Bulls,Boston Celtics,Chicago Bulls,Player Rebounds,Jrue Holiday,Boston Celtics,3.5,1.5,NA,BetRight,Chicago Bulls,Player Rebounds - Jrue Holiday (BOS),40813146,Jrue Holiday 4+,NA,1,NA,239558148,NA
Boston Celtics v Chicago Bulls,Boston Celtics,Chicago Bulls,Player Rebounds,Jrue Holiday,Boston Celtics,4.5,2.1,NA,BetRight,Chicago Bulls,Player Rebounds - Jrue Holiday (BOS),40813146,Jrue Holiday 5+,NA,2,NA,239558149,NA
Boston Celtics v Chicago Bulls,Boston Celtics,Chicago Bulls,Player Rebounds,Jrue Holiday,Boston Celtics,7.5,8.5,NA,BetRight,Chicago Bulls,Player Rebounds - Jrue Holiday (BOS),40813146,Jrue Holiday 8+,NA,3,NA,239558150,NA
Boston Celtics v Chicago Bulls,Boston Celtics,Chicago Bulls,Player Rebounds,Kristaps Porzingis,NA,3.5,1.04,NA,BetRight,NA,Player Rebounds - Kristaps Porzingis (BOS),40813147,Kristaps Porzingis 4+,NA,1,NA,239558151,NA
Boston Celtics v Chicago Bulls,Boston Celtics,Chicago Bulls,Player Rebounds,Kristaps Porzingis,NA,4.5,1.11,NA,BetRight,NA,Player Rebounds - Kristaps Porzingis (BOS),40813147,Kristaps Porzingis 5+,NA,2,NA,239558155,NA
Boston Celtics v Chicago Bulls,Boston Celtics,Chicago Bulls,Player Rebounds,Kristaps Porzingis,NA,7.5,1.75,NA,BetRight,NA,Player Rebounds - Kristaps Porzingis (BOS),40813147,Kristaps Porzingis 8+,NA,3,NA,239558152,NA
Boston Celtics v Chicago Bulls,Boston Celtics,Chicago Bulls,Player Rebounds,Kristaps Porzingis,NA,9.5,3.1,NA,BetRight,NA,Player Rebounds - Kristaps Porzingis (BOS),40813147,Kristaps Porzingis 10+,NA,4,NA,239558154,NA
Boston Celtics v Chicago Bulls,Boston Celtics,Chicago Bulls,Player Rebounds,Kristaps Porzingis,NA,11.5,7,NA,BetRight,NA,Player Rebounds - Kristaps Porzingis (BOS),40813147,Kristaps Porzingis 12+,NA,5,NA,239558153,NA
Boston Celtics v Chicago Bulls,Boston Celtics,Chicago Bulls,Player Rebounds,Jayson Tatum,Boston Celtics,4.5,1.04,NA,BetRight,Chicago Bulls,Player Rebounds - Jayson Tatum (BOS),40813148,Jayson Tatum 5+,NA,1,NA,239558160,NA
Boston Celtics v Chicago Bulls,Boston Celtics,Chicago Bulls,Player Rebounds,Jayson Tatum,Boston Celtics,7.5,1.4,NA,BetRight,Chicago Bulls,Player Rebounds - Jayson Tatum (BOS),40813148,Jayson Tatum 8+,NA,2,NA,239558159,NA
Boston Celtics v Chicago Bulls,Boston Celtics,Chicago Bulls,Player Rebounds,Jayson Tatum,Boston Celtics,9.5,2.1,NA,BetRight,Chicago Bulls,Player Rebounds - Jayson Tatum (BOS),40813148,Jayson Tatum 10+,NA,3,NA,239558156,NA
Boston Celtics v Chicago Bulls,Boston Celtics,Chicago Bulls,Player Rebounds,Jayson Tatum,Boston Celtics,11.5,3.9,NA,BetRight,Chicago Bulls,Player Rebounds - Jayson Tatum (BOS),40813148,Jayson Tatum 12+,NA,4,NA,239558158,NA
Boston Celtics v Chicago Bulls,Boston Celtics,Chicago Bulls,Player Rebounds,Jayson Tatum,Boston Celtics,14.5,12,NA,BetRight,Chicago Bulls,Player Rebounds - Jayson Tatum (BOS),40813148,Jayson Tatum 15+,NA,5,NA,239558157,NA
Boston Celtics v Chicago Bulls,Boston Celtics,Chicago Bulls,Player Rebounds,Derrick White,Boston Celtics,3.5,1.38,NA,BetRight,Chicago Bulls,Player Rebounds - Derrick White (BOS),40813149,Derrick White 4+,NA,1,NA,239558163,NA
Boston Celtics v Chicago Bulls,Boston Celtics,Chicago Bulls,Player Rebounds,Derrick White,Boston Celtics,4.5,1.83,NA,BetRight,Chicago Bulls,Player Rebounds - Derrick White (BOS),40813149,Derrick White 5+,NA,2,NA,239558162,NA
Boston Celtics v Chicago Bulls,Boston Celtics,Chicago Bulls,Player Rebounds,Derrick White,Boston Celtics,7.5,6.75,NA,BetRight,Chicago Bulls,Player Rebounds - Derrick White (BOS),40813149,Derrick White 8+,NA,3,NA,239558164,NA
Boston Celtics v Chicago Bulls,Boston Celtics,Chicago Bulls,Player Rebounds,Derrick White,Boston Celtics,9.5,17,NA,BetRight,Chicago Bulls,Player Rebounds - Derrick White (BOS),40813149,Derrick White 10+,NA,4,NA,239558161,NA
Boston Celtics v Chicago Bulls,Boston Celtics,Chicago Bulls,Player Rebounds,Ayo Dosunmu,Chicago Bulls,3.5,1.8,NA,BetRight,Boston Celtics,Player Rebounds - Ayo Dosunmu (CHI),40813150,Ayo Dosunmu 4+,NA,1,NA,239558166,NA
Boston Celtics v Chicago Bulls,Boston Celtics,Chicago Bulls,Player Rebounds,Ayo Dosunmu,Chicago Bulls,4.5,2.75,NA,BetRight,Boston Celtics,Player Rebounds - Ayo Dosunmu (CHI),40813150,Ayo Dosunmu 5+,NA,2,NA,239558165,NA
Boston Celtics v Chicago Bulls,Boston Celtics,Chicago Bulls,Player Rebounds,Ayo Dosunmu,Chicago Bulls,7.5,13,NA,BetRight,Boston Celtics,Player Rebounds - Ayo Dosunmu (CHI),40813150,Ayo Dosunmu 8+,NA,3,NA,239558167,NA
Boston Celtics v Chicago Bulls,Boston Celtics,Chicago Bulls,Player Rebounds,Zach LaVine,Chicago Bulls,3.5,1.65,NA,BetRight,Boston Celtics,Player Rebounds - Zach LaVine (CHI),40813151,Zach LaVine 4+,NA,1,NA,239558168,NA
Boston Celtics v Chicago Bulls,Boston Celtics,Chicago Bulls,Player Rebounds,Zach LaVine,Chicago Bulls,4.5,2.38,NA,BetRight,Boston Celtics,Player Rebounds - Zach LaVine (CHI),40813151,Zach LaVine 5+,NA,2,NA,239558170,NA
Boston Celtics v Chicago Bulls,Boston Celtics,Chicago Bulls,Player Rebounds,Zach LaVine,Chicago Bulls,7.5,11,NA,BetRight,Boston Celtics,Player Rebounds - Zach LaVine (CHI),40813151,Zach LaVine 8+,NA,3,NA,239558169,NA
Boston Celtics v Chicago Bulls,Boston Celtics,Chicago Bulls,Player Rebounds,Nikola Vucevic,NA,4.5,1.04,NA,BetRight,NA,Player Rebounds - Nikola Vucevic (CHI),40813152,Nikola Vucevic 5+,NA,1,NA,239558173,NA
Boston Celtics v Chicago Bulls,Boston Celtics,Chicago Bulls,Player Rebounds,Nikola Vucevic,NA,7.5,1.38,NA,BetRight,NA,Player Rebounds - Nikola Vucevic (CHI),40813152,Nikola Vucevic 8+,NA,2,NA,239558175,NA
Boston Celtics v Chicago Bulls,Boston Celtics,Chicago Bulls,Player Rebounds,Nikola Vucevic,NA,9.5,2.1,NA,BetRight,NA,Player Rebounds - Nikola Vucevic (CHI),40813152,Nikola Vucevic 10+,NA,3,NA,239558172,NA
Boston Celtics v Chicago Bulls,Boston Celtics,Chicago Bulls,Player Rebounds,Nikola Vucevic,NA,11.5,3.9,NA,BetRight,NA,Player Rebounds - Nikola Vucevic (CHI),40813152,Nikola Vucevic 12+,NA,4,NA,239558171,NA
Boston Celtics v Chicago Bulls,Boston Celtics,Chicago Bulls,Player Rebounds,Nikola Vucevic,NA,14.5,11,NA,BetRight,NA,Player Rebounds - Nikola Vucevic (CHI),40813152,Nikola Vucevic 15+,NA,5,NA,239558174,NA
Boston Celtics v Chicago Bulls,Boston Celtics,Chicago Bulls,Player Rebounds,Coby White,Chicago Bulls,3.5,1.98,NA,BetRight,Boston Celtics,Player Rebounds - Coby White (CHI),40813153,Coby White 4+,NA,1,NA,239558177,NA
Boston Celtics v Chicago Bulls,Boston Celtics,Chicago Bulls,Player Rebounds,Coby White,Chicago Bulls,4.5,3.1,NA,BetRight,Boston Celtics,Player Rebounds - Coby White (CHI),40813153,Coby White 5+,NA,2,NA,239558178,NA
Boston Celtics v Chicago Bulls,Boston Celtics,Chicago Bulls,Player Rebounds,Coby White,Chicago Bulls,7.5,15,NA,BetRight,Boston Celtics,Player Rebounds - Coby White (CHI),40813153,Coby White 8+,NA,3,NA,239558176,NA
Boston Celtics v Chicago Bulls,Boston Celtics,Chicago Bulls,Player Rebounds,Josh Giddey,Chicago Bulls,3.5,1.13,NA,BetRight,Boston Celtics,Player Rebounds - Josh Giddey (CHI),40846475,Josh Giddey 4+,NA,1,NA,239698759,NA
Boston Celtics v Chicago Bulls,Boston Celtics,Chicago Bulls,Player Rebounds,Josh Giddey,Chicago Bulls,4.5,1.3,NA,BetRight,Boston Celtics,Player Rebounds - Josh Giddey (CHI),40846475,Josh Giddey 5+,NA,2,NA,239698756,NA
Boston Celtics v Chicago Bulls,Boston Celtics,Chicago Bulls,Player Rebounds,Josh Giddey,Chicago Bulls,7.5,3,NA,BetRight,Boston Celtics,Player Rebounds - Josh Giddey (CHI),40846475,Josh Giddey 8+,NA,3,NA,239698758,NA
Boston Celtics v Chicago Bulls,Boston Celtics,Chicago Bulls,Player Rebounds,Josh Giddey,Chicago Bulls,9.5,7,NA,BetRight,Boston Celtics,Player Rebounds - Josh Giddey (CHI),40846475,Josh Giddey 10+,NA,4,NA,239698757,NA
Boston Celtics v Chicago Bulls,Boston Celtics,Chicago Bulls,Player Rebounds,Payton Pritchard,Boston Celtics,3.5,1.62,NA,BetRight,Chicago Bulls,Player Rebounds - Payton Pritchard (BOS),40855869,Payton Pritchard 4+,NA,1,NA,239734377,NA
Boston Celtics v Chicago Bulls,Boston Celtics,Chicago Bulls,Player Rebounds,Payton Pritchard,Boston Celtics,4.5,2.3,NA,BetRight,Chicago Bulls,Player Rebounds - Payton Pritchard (BOS),40855869,Payton Pritchard 5+,NA,2,NA,239734376,NA
Boston Celtics v Chicago Bulls,Boston Celtics,Chicago Bulls,Player Rebounds,Payton Pritchard,Boston Celtics,7.5,10,NA,BetRight,Chicago Bulls,Player Rebounds - Payton Pritchard (BOS),40855869,Payton Pritchard 8+,NA,3,NA,239734378,NA
San Antonio Spurs v Atlanta Hawks,San Antonio Spurs,Atlanta Hawks,Player Rebounds,Harrison Barnes,San Antonio Spurs,3.5,1.6,NA,BetRight,Atlanta Hawks,Player Rebounds - Harrison Barnes (SA),40809849,Harrison Barnes 4+,NA,1,NA,239541606,NA
San Antonio Spurs v Atlanta Hawks,San Antonio Spurs,Atlanta Hawks,Player Rebounds,Harrison Barnes,San Antonio Spurs,4.5,2.3,NA,BetRight,Atlanta Hawks,Player Rebounds - Harrison Barnes (SA),40809849,Harrison Barnes 5+,NA,2,NA,239541607,NA
San Antonio Spurs v Atlanta Hawks,San Antonio Spurs,Atlanta Hawks,Player Rebounds,Harrison Barnes,San Antonio Spurs,7.5,10,NA,BetRight,Atlanta Hawks,Player Rebounds - Harrison Barnes (SA),40809849,Harrison Barnes 8+,NA,3,NA,239541608,NA
San Antonio Spurs v Atlanta Hawks,San Antonio Spurs,Atlanta Hawks,Player Rebounds,Stephon Castle,San Antonio Spurs,3.5,3.3,NA,BetRight,Atlanta Hawks,Player Rebounds - Stephon Castle (SA),40809850,Stephon Castle 4+,NA,1,NA,239541609,NA
San Antonio Spurs v Atlanta Hawks,San Antonio Spurs,Atlanta Hawks,Player Rebounds,Stephon Castle,San Antonio Spurs,4.5,6.25,NA,BetRight,Atlanta Hawks,Player Rebounds - Stephon Castle (SA),40809850,Stephon Castle 5+,NA,2,NA,239541610,NA
San Antonio Spurs v Atlanta Hawks,San Antonio Spurs,Atlanta Hawks,Player Rebounds,Stephon Castle,San Antonio Spurs,7.5,34,NA,BetRight,Atlanta Hawks,Player Rebounds - Stephon Castle (SA),40809850,Stephon Castle 8+,NA,3,NA,239541611,NA
San Antonio Spurs v Atlanta Hawks,San Antonio Spurs,Atlanta Hawks,Player Rebounds,Julian Champagnie,San Antonio Spurs,3.5,1.33,NA,BetRight,Atlanta Hawks,Player Rebounds - Julian Champagnie (SA),40809851,Julian Champagnie 4+,NA,1,NA,239541612,NA
San Antonio Spurs v Atlanta Hawks,San Antonio Spurs,Atlanta Hawks,Player Rebounds,Julian Champagnie,San Antonio Spurs,4.5,1.73,NA,BetRight,Atlanta Hawks,Player Rebounds - Julian Champagnie (SA),40809851,Julian Champagnie 5+,NA,2,NA,239541613,NA
San Antonio Spurs v Atlanta Hawks,San Antonio Spurs,Atlanta Hawks,Player Rebounds,Julian Champagnie,San Antonio Spurs,7.5,6,NA,BetRight,Atlanta Hawks,Player Rebounds - Julian Champagnie (SA),40809851,Julian Champagnie 8+,NA,3,NA,239541614,NA
San Antonio Spurs v Atlanta Hawks,San Antonio Spurs,Atlanta Hawks,Player Rebounds,Julian Champagnie,San Antonio Spurs,9.5,15,NA,BetRight,Atlanta Hawks,Player Rebounds - Julian Champagnie (SA),40809851,Julian Champagnie 10+,NA,4,NA,239541615,NA
San Antonio Spurs v Atlanta Hawks,San Antonio Spurs,Atlanta Hawks,Player Rebounds,Chris Paul,San Antonio Spurs,3.5,1.73,NA,BetRight,Atlanta Hawks,Player Rebounds - Chris Paul (SA),40809852,Chris Paul 4+,NA,1,NA,239541616,NA
San Antonio Spurs v Atlanta Hawks,San Antonio Spurs,Atlanta Hawks,Player Rebounds,Chris Paul,San Antonio Spurs,4.5,2.5,NA,BetRight,Atlanta Hawks,Player Rebounds - Chris Paul (SA),40809852,Chris Paul 5+,NA,2,NA,239541617,NA
San Antonio Spurs v Atlanta Hawks,San Antonio Spurs,Atlanta Hawks,Player Rebounds,Chris Paul,San Antonio Spurs,7.5,12,NA,BetRight,Atlanta Hawks,Player Rebounds - Chris Paul (SA),40809852,Chris Paul 8+,NA,3,NA,239541618,NA
San Antonio Spurs v Atlanta Hawks,San Antonio Spurs,Atlanta Hawks,Player Rebounds,Jeremy Sochan,San Antonio Spurs,3.5,1.02,NA,BetRight,Atlanta Hawks,Player Rebounds - Jeremy Sochan (SA),40809853,Jeremy Sochan 4+,NA,1,NA,239541619,NA
San Antonio Spurs v Atlanta Hawks,San Antonio Spurs,Atlanta Hawks,Player Rebounds,Jeremy Sochan,San Antonio Spurs,4.5,1.06,NA,BetRight,Atlanta Hawks,Player Rebounds - Jeremy Sochan (SA),40809853,Jeremy Sochan 5+,NA,2,NA,239541620,NA
San Antonio Spurs v Atlanta Hawks,San Antonio Spurs,Atlanta Hawks,Player Rebounds,Jeremy Sochan,San Antonio Spurs,7.5,1.53,NA,BetRight,Atlanta Hawks,Player Rebounds - Jeremy Sochan (SA),40809853,Jeremy Sochan 8+,NA,3,NA,239541621,NA
San Antonio Spurs v Atlanta Hawks,San Antonio Spurs,Atlanta Hawks,Player Rebounds,Jeremy Sochan,San Antonio Spurs,9.5,2.5,NA,BetRight,Atlanta Hawks,Player Rebounds - Jeremy Sochan (SA),40809853,Jeremy Sochan 10+,NA,4,NA,239541622,NA
San Antonio Spurs v Atlanta Hawks,San Antonio Spurs,Atlanta Hawks,Player Rebounds,Jeremy Sochan,San Antonio Spurs,11.5,4.75,NA,BetRight,Atlanta Hawks,Player Rebounds - Jeremy Sochan (SA),40809853,Jeremy Sochan 12+,NA,5,NA,239541623,NA
San Antonio Spurs v Atlanta Hawks,San Antonio Spurs,Atlanta Hawks,Player Rebounds,Devin Vassell,San Antonio Spurs,3.5,3.1,NA,BetRight,Atlanta Hawks,Player Rebounds - Devin Vassell (SA),40809854,Devin Vassell 4+,NA,1,NA,239541624,NA
San Antonio Spurs v Atlanta Hawks,San Antonio Spurs,Atlanta Hawks,Player Rebounds,Devin Vassell,San Antonio Spurs,4.5,5.5,NA,BetRight,Atlanta Hawks,Player Rebounds - Devin Vassell (SA),40809854,Devin Vassell 5+,NA,2,NA,239541625,NA
San Antonio Spurs v Atlanta Hawks,San Antonio Spurs,Atlanta Hawks,Player Rebounds,Devin Vassell,San Antonio Spurs,7.5,29,NA,BetRight,Atlanta Hawks,Player Rebounds - Devin Vassell (SA),40809854,Devin Vassell 8+,NA,3,NA,239541626,NA
San Antonio Spurs v Atlanta Hawks,San Antonio Spurs,Atlanta Hawks,Player Rebounds,Victor Wembanyama,San Antonio Spurs,7.5,1.11,NA,BetRight,Atlanta Hawks,Player Rebounds - Victor Wembanyama (SA),40809855,Victor Wembanyama 8+,NA,1,NA,239541627,NA
San Antonio Spurs v Atlanta Hawks,San Antonio Spurs,Atlanta Hawks,Player Rebounds,Victor Wembanyama,San Antonio Spurs,9.5,1.33,NA,BetRight,Atlanta Hawks,Player Rebounds - Victor Wembanyama (SA),40809855,Victor Wembanyama 10+,NA,2,NA,239541628,NA
San Antonio Spurs v Atlanta Hawks,San Antonio Spurs,Atlanta Hawks,Player Rebounds,Victor Wembanyama,San Antonio Spurs,11.5,1.88,NA,BetRight,Atlanta Hawks,Player Rebounds - Victor Wembanyama (SA),40809855,Victor Wembanyama 12+,NA,3,NA,239541629,NA
San Antonio Spurs v Atlanta Hawks,San Antonio Spurs,Atlanta Hawks,Player Rebounds,Victor Wembanyama,San Antonio Spurs,14.5,4,NA,BetRight,Atlanta Hawks,Player Rebounds - Victor Wembanyama (SA),40809855,Victor Wembanyama 15+,NA,4,NA,239541630,NA
San Antonio Spurs v Atlanta Hawks,San Antonio Spurs,Atlanta Hawks,Player Rebounds,Victor Wembanyama,San Antonio Spurs,17.5,10,NA,BetRight,Atlanta Hawks,Player Rebounds - Victor Wembanyama (SA),40809855,Victor Wembanyama 18+,NA,5,NA,239541631,NA
San Antonio Spurs v Atlanta Hawks,San Antonio Spurs,Atlanta Hawks,Player Rebounds,Bogdan Bogdanović,Atlanta Hawks,3.5,2.1,NA,BetRight,San Antonio Spurs,Player Rebounds - Bogdan Bogdanović (ATL),40809856,Bogdan Bogdanović 4+,NA,1,NA,239541632,NA
San Antonio Spurs v Atlanta Hawks,San Antonio Spurs,Atlanta Hawks,Player Rebounds,Bogdan Bogdanović,Atlanta Hawks,4.5,3.4,NA,BetRight,San Antonio Spurs,Player Rebounds - Bogdan Bogdanović (ATL),40809856,Bogdan Bogdanović 5+,NA,2,NA,239541633,NA
San Antonio Spurs v Atlanta Hawks,San Antonio Spurs,Atlanta Hawks,Player Rebounds,Bogdan Bogdanović,Atlanta Hawks,7.5,19,NA,BetRight,San Antonio Spurs,Player Rebounds - Bogdan Bogdanović (ATL),40809856,Bogdan Bogdanović 8+,NA,3,NA,239541634,NA
San Antonio Spurs v Atlanta Hawks,San Antonio Spurs,Atlanta Hawks,Player Rebounds,Clint Capela,Atlanta Hawks,4.5,1.01,NA,BetRight,San Antonio Spurs,Player Rebounds - Clint Capela (ATL),40809857,Clint Capela 5+,NA,1,NA,239541635,NA
San Antonio Spurs v Atlanta Hawks,San Antonio Spurs,Atlanta Hawks,Player Rebounds,Clint Capela,Atlanta Hawks,7.5,1.13,NA,BetRight,San Antonio Spurs,Player Rebounds - Clint Capela (ATL),40809857,Clint Capela 8+,NA,2,NA,239541636,NA
San Antonio Spurs v Atlanta Hawks,San Antonio Spurs,Atlanta Hawks,Player Rebounds,Clint Capela,Atlanta Hawks,9.5,1.4,NA,BetRight,San Antonio Spurs,Player Rebounds - Clint Capela (ATL),40809857,Clint Capela 10+,NA,3,NA,239541637,NA
San Antonio Spurs v Atlanta Hawks,San Antonio Spurs,Atlanta Hawks,Player Rebounds,Clint Capela,Atlanta Hawks,11.5,2,NA,BetRight,San Antonio Spurs,Player Rebounds - Clint Capela (ATL),40809857,Clint Capela 12+,NA,4,NA,239541638,NA
San Antonio Spurs v Atlanta Hawks,San Antonio Spurs,Atlanta Hawks,Player Rebounds,Clint Capela,Atlanta Hawks,14.5,4.5,NA,BetRight,San Antonio Spurs,Player Rebounds - Clint Capela (ATL),40809857,Clint Capela 15+,NA,5,NA,239541639,NA
San Antonio Spurs v Atlanta Hawks,San Antonio Spurs,Atlanta Hawks,Player Rebounds,Dyson Daniels,Atlanta Hawks,3.5,1.22,NA,BetRight,San Antonio Spurs,Player Rebounds - Dyson Daniels (ATL),40809858,Dyson Daniels 4+,NA,1,NA,239541640,NA
San Antonio Spurs v Atlanta Hawks,San Antonio Spurs,Atlanta Hawks,Player Rebounds,Dyson Daniels,Atlanta Hawks,4.5,1.48,NA,BetRight,San Antonio Spurs,Player Rebounds - Dyson Daniels (ATL),40809858,Dyson Daniels 5+,NA,2,NA,239541641,NA
San Antonio Spurs v Atlanta Hawks,San Antonio Spurs,Atlanta Hawks,Player Rebounds,Dyson Daniels,Atlanta Hawks,7.5,4.1,NA,BetRight,San Antonio Spurs,Player Rebounds - Dyson Daniels (ATL),40809858,Dyson Daniels 8+,NA,3,NA,239541642,NA
San Antonio Spurs v Atlanta Hawks,San Antonio Spurs,Atlanta Hawks,Player Rebounds,Dyson Daniels,Atlanta Hawks,9.5,10,NA,BetRight,San Antonio Spurs,Player Rebounds - Dyson Daniels (ATL),40809858,Dyson Daniels 10+,NA,4,NA,239541643,NA
San Antonio Spurs v Atlanta Hawks,San Antonio Spurs,Atlanta Hawks,Player Rebounds,De'Andre Hunter,Atlanta Hawks,3.5,1.75,NA,BetRight,San Antonio Spurs,Player Rebounds - De'Andre Hunter (ATL),40809859,De'Andre Hunter 4+,NA,1,NA,239541644,NA
San Antonio Spurs v Atlanta Hawks,San Antonio Spurs,Atlanta Hawks,Player Rebounds,De'Andre Hunter,Atlanta Hawks,4.5,2.63,NA,BetRight,San Antonio Spurs,Player Rebounds - De'Andre Hunter (ATL),40809859,De'Andre Hunter 5+,NA,2,NA,239541645,NA
San Antonio Spurs v Atlanta Hawks,San Antonio Spurs,Atlanta Hawks,Player Rebounds,De'Andre Hunter,Atlanta Hawks,7.5,13,NA,BetRight,San Antonio Spurs,Player Rebounds - De'Andre Hunter (ATL),40809859,De'Andre Hunter 8+,NA,3,NA,239541646,NA
San Antonio Spurs v Atlanta Hawks,San Antonio Spurs,Atlanta Hawks,Player Rebounds,Jalen Johnson,Atlanta Hawks,4.5,1.03,NA,BetRight,San Antonio Spurs,Player Rebounds - Jalen Johnson (ATL),40809860,Jalen Johnson 5+,NA,1,NA,239541647,NA
San Antonio Spurs v Atlanta Hawks,San Antonio Spurs,Atlanta Hawks,Player Rebounds,Jalen Johnson,Atlanta Hawks,7.5,1.25,NA,BetRight,San Antonio Spurs,Player Rebounds - Jalen Johnson (ATL),40809860,Jalen Johnson 8+,NA,2,NA,239541648,NA
San Antonio Spurs v Atlanta Hawks,San Antonio Spurs,Atlanta Hawks,Player Rebounds,Jalen Johnson,Atlanta Hawks,9.5,1.73,NA,BetRight,San Antonio Spurs,Player Rebounds - Jalen Johnson (ATL),40809860,Jalen Johnson 10+,NA,3,NA,239541649,NA
San Antonio Spurs v Atlanta Hawks,San Antonio Spurs,Atlanta Hawks,Player Rebounds,Jalen Johnson,Atlanta Hawks,11.5,2.9,NA,BetRight,San Antonio Spurs,Player Rebounds - Jalen Johnson (ATL),40809860,Jalen Johnson 12+,NA,4,NA,239541650,NA
San Antonio Spurs v Atlanta Hawks,San Antonio Spurs,Atlanta Hawks,Player Rebounds,Jalen Johnson,Atlanta Hawks,14.5,7.5,NA,BetRight,San Antonio Spurs,Player Rebounds - Jalen Johnson (ATL),40809860,Jalen Johnson 15+,NA,5,NA,239541651,NA
San Antonio Spurs v Atlanta Hawks,San Antonio Spurs,Atlanta Hawks,Player Rebounds,Trae Young,Atlanta Hawks,3.5,1.78,NA,BetRight,San Antonio Spurs,Player Rebounds - Trae Young (ATL),40809862,Trae Young 4+,NA,1,NA,239541657,NA
San Antonio Spurs v Atlanta Hawks,San Antonio Spurs,Atlanta Hawks,Player Rebounds,Trae Young,Atlanta Hawks,4.5,2.63,NA,BetRight,San Antonio Spurs,Player Rebounds - Trae Young (ATL),40809862,Trae Young 5+,NA,2,NA,239541658,NA
San Antonio Spurs v Atlanta Hawks,San Antonio Spurs,Atlanta Hawks,Player Rebounds,Trae Young,Atlanta Hawks,7.5,13,NA,BetRight,San Antonio Spurs,Player Rebounds - Trae Young (ATL),40809862,Trae Young 8+,NA,3,NA,239541659,NA
San Antonio Spurs v Atlanta Hawks,San Antonio Spurs,Atlanta Hawks,Player Rebounds,Zaccharie Risacher,Atlanta Hawks,3.5,2.05,NA,BetRight,San Antonio Spurs,Player Rebounds - Zaccharie Risacher (ATL),40838353,Zaccharie Risacher 4+,NA,1,NA,239665182,NA
San Antonio Spurs v Atlanta Hawks,San Antonio Spurs,Atlanta Hawks,Player Rebounds,Zaccharie Risacher,Atlanta Hawks,4.5,3.25,NA,BetRight,San Antonio Spurs,Player Rebounds - Zaccharie Risacher (ATL),40838353,Zaccharie Risacher 5+,NA,2,NA,239665181,NA
San Antonio Spurs v Atlanta Hawks,San Antonio Spurs,Atlanta Hawks,Player Rebounds,Zaccharie Risacher,Atlanta Hawks,7.5,17,NA,BetRight,San Antonio Spurs,Player Rebounds - Zaccharie Risacher (ATL),40838353,Zaccharie Risacher 8+,NA,3,NA,239665183,NA
San Antonio Spurs v Atlanta Hawks,San Antonio Spurs,Atlanta Hawks,Player Rebounds,Keldon Johnson,San Antonio Spurs,3.5,1.38,NA,BetRight,Atlanta Hawks,Player Rebounds - Keldon Johnson (SA),40845070,Keldon Johnson 4+,NA,1,NA,239691823,NA
San Antonio Spurs v Atlanta Hawks,San Antonio Spurs,Atlanta Hawks,Player Rebounds,Keldon Johnson,San Antonio Spurs,4.5,1.86,NA,BetRight,Atlanta Hawks,Player Rebounds - Keldon Johnson (SA),40845070,Keldon Johnson 5+,NA,2,NA,239691824,NA
San Antonio Spurs v Atlanta Hawks,San Antonio Spurs,Atlanta Hawks,Player Rebounds,Keldon Johnson,San Antonio Spurs,7.5,7,NA,BetRight,Atlanta Hawks,Player Rebounds - Keldon Johnson (SA),40845070,Keldon Johnson 8+,NA,3,NA,239691825,NA
San Antonio Spurs v Atlanta Hawks,San Antonio Spurs,Atlanta Hawks,Player Rebounds,Keldon Johnson,San Antonio Spurs,9.5,17,NA,BetRight,Atlanta Hawks,Player Rebounds - Keldon Johnson (SA),40845070,Keldon Johnson 10+,NA,4,NA,239691826,NA
Memphis Grizzlies v Golden State Warriors,Memphis Grizzlies,Golden State Warriors,Player Rebounds,Desmond Bane,Memphis Grizzlies,3.5,1.22,NA,BetRight,Golden State Warriors,Player Rebounds - Desmond Bane (MEM),40809622,Desmond Bane 4+,NA,1,NA,239541017,NA
Memphis Grizzlies v Golden State Warriors,Memphis Grizzlies,Golden State Warriors,Player Rebounds,Desmond Bane,Memphis Grizzlies,4.5,1.5,NA,BetRight,Golden State Warriors,Player Rebounds - Desmond Bane (MEM),40809622,Desmond Bane 5+,NA,2,NA,239541018,NA
Memphis Grizzlies v Golden State Warriors,Memphis Grizzlies,Golden State Warriors,Player Rebounds,Desmond Bane,Memphis Grizzlies,7.5,4.33,NA,BetRight,Golden State Warriors,Player Rebounds - Desmond Bane (MEM),40809622,Desmond Bane 8+,NA,3,NA,239541019,NA
Memphis Grizzlies v Golden State Warriors,Memphis Grizzlies,Golden State Warriors,Player Rebounds,Desmond Bane,Memphis Grizzlies,9.5,11,NA,BetRight,Golden State Warriors,Player Rebounds - Desmond Bane (MEM),40809622,Desmond Bane 10+,NA,4,NA,239541020,NA
Memphis Grizzlies v Golden State Warriors,Memphis Grizzlies,Golden State Warriors,Player Rebounds,Jaren Jackson Jr.,Memphis Grizzlies,3.5,1.11,NA,BetRight,Golden State Warriors,Player Rebounds - Jaren Jackson Jr. (MEM),40809623,Jaren Jackson Jr. 4+,NA,1,NA,239541021,NA
Memphis Grizzlies v Golden State Warriors,Memphis Grizzlies,Golden State Warriors,Player Rebounds,Jaren Jackson Jr.,Memphis Grizzlies,4.5,1.29,NA,BetRight,Golden State Warriors,Player Rebounds - Jaren Jackson Jr. (MEM),40809623,Jaren Jackson Jr. 5+,NA,2,NA,239541022,NA
Memphis Grizzlies v Golden State Warriors,Memphis Grizzlies,Golden State Warriors,Player Rebounds,Jaren Jackson Jr.,Memphis Grizzlies,7.5,2.9,NA,BetRight,Golden State Warriors,Player Rebounds - Jaren Jackson Jr. (MEM),40809623,Jaren Jackson Jr. 8+,NA,3,NA,239541023,NA
Memphis Grizzlies v Golden State Warriors,Memphis Grizzlies,Golden State Warriors,Player Rebounds,Jaren Jackson Jr.,Memphis Grizzlies,9.5,6.5,NA,BetRight,Golden State Warriors,Player Rebounds - Jaren Jackson Jr. (MEM),40809623,Jaren Jackson Jr. 10+,NA,4,NA,239541024,NA
Memphis Grizzlies v Golden State Warriors,Memphis Grizzlies,Golden State Warriors,Player Rebounds,Ja Morant,Memphis Grizzlies,3.5,1.22,NA,BetRight,Golden State Warriors,Player Rebounds - Ja Morant (MEM),40809624,Ja Morant 4+,NA,1,NA,239541025,NA
Memphis Grizzlies v Golden State Warriors,Memphis Grizzlies,Golden State Warriors,Player Rebounds,Ja Morant,Memphis Grizzlies,4.5,1.53,NA,BetRight,Golden State Warriors,Player Rebounds - Ja Morant (MEM),40809624,Ja Morant 5+,NA,2,NA,239541026,NA
Memphis Grizzlies v Golden State Warriors,Memphis Grizzlies,Golden State Warriors,Player Rebounds,Ja Morant,Memphis Grizzlies,7.5,4.33,NA,BetRight,Golden State Warriors,Player Rebounds - Ja Morant (MEM),40809624,Ja Morant 8+,NA,3,NA,239541027,NA
Memphis Grizzlies v Golden State Warriors,Memphis Grizzlies,Golden State Warriors,Player Rebounds,Ja Morant,Memphis Grizzlies,9.5,11,NA,BetRight,Golden State Warriors,Player Rebounds - Ja Morant (MEM),40809624,Ja Morant 10+,NA,4,NA,239541028,NA
Memphis Grizzlies v Golden State Warriors,Memphis Grizzlies,Golden State Warriors,Player Rebounds,Stephen Curry,Golden State Warriors,3.5,1.35,NA,BetRight,Memphis Grizzlies,Player Rebounds - Stephen Curry (GS),40809625,Stephen Curry 4+,NA,1,NA,239541029,NA
Memphis Grizzlies v Golden State Warriors,Memphis Grizzlies,Golden State Warriors,Player Rebounds,Stephen Curry,Golden State Warriors,4.5,1.73,NA,BetRight,Memphis Grizzlies,Player Rebounds - Stephen Curry (GS),40809625,Stephen Curry 5+,NA,2,NA,239541030,NA
Memphis Grizzlies v Golden State Warriors,Memphis Grizzlies,Golden State Warriors,Player Rebounds,Stephen Curry,Golden State Warriors,7.5,6,NA,BetRight,Memphis Grizzlies,Player Rebounds - Stephen Curry (GS),40809625,Stephen Curry 8+,NA,3,NA,239541031,NA
Memphis Grizzlies v Golden State Warriors,Memphis Grizzlies,Golden State Warriors,Player Rebounds,Stephen Curry,Golden State Warriors,9.5,17,NA,BetRight,Memphis Grizzlies,Player Rebounds - Stephen Curry (GS),40809625,Stephen Curry 10+,NA,4,NA,239541032,NA
Memphis Grizzlies v Golden State Warriors,Memphis Grizzlies,Golden State Warriors,Player Rebounds,Draymond Green,Golden State Warriors,3.5,1.1,NA,BetRight,Memphis Grizzlies,Player Rebounds - Draymond Green (GS),40809626,Draymond Green 4+,NA,1,NA,239541033,NA
Memphis Grizzlies v Golden State Warriors,Memphis Grizzlies,Golden State Warriors,Player Rebounds,Draymond Green,Golden State Warriors,4.5,1.24,NA,BetRight,Memphis Grizzlies,Player Rebounds - Draymond Green (GS),40809626,Draymond Green 5+,NA,2,NA,239541034,NA
Memphis Grizzlies v Golden State Warriors,Memphis Grizzlies,Golden State Warriors,Player Rebounds,Draymond Green,Golden State Warriors,7.5,2.6,NA,BetRight,Memphis Grizzlies,Player Rebounds - Draymond Green (GS),40809626,Draymond Green 8+,NA,3,NA,239541035,NA
Memphis Grizzlies v Golden State Warriors,Memphis Grizzlies,Golden State Warriors,Player Rebounds,Draymond Green,Golden State Warriors,9.5,5.75,NA,BetRight,Memphis Grizzlies,Player Rebounds - Draymond Green (GS),40809626,Draymond Green 10+,NA,4,NA,239541036,NA
Memphis Grizzlies v Golden State Warriors,Memphis Grizzlies,Golden State Warriors,Player Rebounds,Draymond Green,Golden State Warriors,11.5,13,NA,BetRight,Memphis Grizzlies,Player Rebounds - Draymond Green (GS),40809626,Draymond Green 12+,NA,5,NA,239541037,NA
Memphis Grizzlies v Golden State Warriors,Memphis Grizzlies,Golden State Warriors,Player Rebounds,Jonathan Kuminga,Golden State Warriors,3.5,1.32,NA,BetRight,Memphis Grizzlies,Player Rebounds - Jonathan Kuminga (GS),40809627,Jonathan Kuminga 4+,NA,1,NA,239541038,NA
Memphis Grizzlies v Golden State Warriors,Memphis Grizzlies,Golden State Warriors,Player Rebounds,Jonathan Kuminga,Golden State Warriors,4.5,1.68,NA,BetRight,Memphis Grizzlies,Player Rebounds - Jonathan Kuminga (GS),40809627,Jonathan Kuminga 5+,NA,2,NA,239541039,NA
Memphis Grizzlies v Golden State Warriors,Memphis Grizzlies,Golden State Warriors,Player Rebounds,Jonathan Kuminga,Golden State Warriors,7.5,5.5,NA,BetRight,Memphis Grizzlies,Player Rebounds - Jonathan Kuminga (GS),40809627,Jonathan Kuminga 8+,NA,3,NA,239541040,NA
Memphis Grizzlies v Golden State Warriors,Memphis Grizzlies,Golden State Warriors,Player Rebounds,Jonathan Kuminga,Golden State Warriors,9.5,15,NA,BetRight,Memphis Grizzlies,Player Rebounds - Jonathan Kuminga (GS),40809627,Jonathan Kuminga 10+,NA,4,NA,239541041,NA
Memphis Grizzlies v Golden State Warriors,Memphis Grizzlies,Golden State Warriors,Player Rebounds,Andrew Wiggins,Golden State Warriors,3.5,1.44,NA,BetRight,Memphis Grizzlies,Player Rebounds - Andrew Wiggins (GS),40809628,Andrew Wiggins 4+,NA,1,NA,239541042,NA
Memphis Grizzlies v Golden State Warriors,Memphis Grizzlies,Golden State Warriors,Player Rebounds,Andrew Wiggins,Golden State Warriors,4.5,1.92,NA,BetRight,Memphis Grizzlies,Player Rebounds - Andrew Wiggins (GS),40809628,Andrew Wiggins 5+,NA,2,NA,239541043,NA
Memphis Grizzlies v Golden State Warriors,Memphis Grizzlies,Golden State Warriors,Player Rebounds,Andrew Wiggins,Golden State Warriors,7.5,7,NA,BetRight,Memphis Grizzlies,Player Rebounds - Andrew Wiggins (GS),40809628,Andrew Wiggins 8+,NA,3,NA,239541044,NA
Memphis Grizzlies v Golden State Warriors,Memphis Grizzlies,Golden State Warriors,Player Rebounds,Andrew Wiggins,Golden State Warriors,9.5,21,NA,BetRight,Memphis Grizzlies,Player Rebounds - Andrew Wiggins (GS),40809628,Andrew Wiggins 10+,NA,4,NA,239665197,NA
Memphis Grizzlies v Golden State Warriors,Memphis Grizzlies,Golden State Warriors,Player Rebounds,Dennis Schröder,Brooklyn Nets,3.5,3.1,NA,BetRight,NA,Player Rebounds - Dennis Schröder (GS),40814518,Dennis Schröder 4+,NA,1,NA,239565736,NA
Memphis Grizzlies v Golden State Warriors,Memphis Grizzlies,Golden State Warriors,Player Rebounds,Dennis Schröder,Brooklyn Nets,4.5,5.75,NA,BetRight,NA,Player Rebounds - Dennis Schröder (GS),40814518,Dennis Schröder 5+,NA,2,NA,239565734,NA
Memphis Grizzlies v Golden State Warriors,Memphis Grizzlies,Golden State Warriors,Player Rebounds,Dennis Schröder,Brooklyn Nets,7.5,34,NA,BetRight,NA,Player Rebounds - Dennis Schröder (GS),40814518,Dennis Schröder 8+,NA,3,NA,239565735,NA
Memphis Grizzlies v Golden State Warriors,Memphis Grizzlies,Golden State Warriors,Player Rebounds,Buddy Hield,Golden State Warriors,3.5,2.2,NA,BetRight,Memphis Grizzlies,Player Rebounds - Buddy Hield (GS),40855878,Buddy Hield 4+,NA,1,NA,239734405,NA
Memphis Grizzlies v Golden State Warriors,Memphis Grizzlies,Golden State Warriors,Player Rebounds,Buddy Hield,Golden State Warriors,4.5,3.6,NA,BetRight,Memphis Grizzlies,Player Rebounds - Buddy Hield (GS),40855878,Buddy Hield 5+,NA,2,NA,239734404,NA
Memphis Grizzlies v Golden State Warriors,Memphis Grizzlies,Golden State Warriors,Player Rebounds,Buddy Hield,Golden State Warriors,7.5,21,NA,BetRight,Memphis Grizzlies,Player Rebounds - Buddy Hield (GS),40855878,Buddy Hield 8+,NA,3,NA,239734406,NA
Memphis Grizzlies v Golden State Warriors,Memphis Grizzlies,Golden State Warriors,Player Rebounds,Santi Aldama,Memphis Grizzlies,3.5,1.11,NA,BetRight,Golden State Warriors,Player Rebounds - Santi Aldama (MEM),40857010,Santi Aldama 4+,NA,1,NA,239737853,NA
Memphis Grizzlies v Golden State Warriors,Memphis Grizzlies,Golden State Warriors,Player Rebounds,Santi Aldama,Memphis Grizzlies,4.5,1.26,NA,BetRight,Golden State Warriors,Player Rebounds - Santi Aldama (MEM),40857010,Santi Aldama 5+,NA,2,NA,239737854,NA
Memphis Grizzlies v Golden State Warriors,Memphis Grizzlies,Golden State Warriors,Player Rebounds,Santi Aldama,Memphis Grizzlies,7.5,2.8,NA,BetRight,Golden State Warriors,Player Rebounds - Santi Aldama (MEM),40857010,Santi Aldama 8+,NA,3,NA,239737855,NA
Memphis Grizzlies v Golden State Warriors,Memphis Grizzlies,Golden State Warriors,Player Rebounds,Santi Aldama,Memphis Grizzlies,9.5,6.25,NA,BetRight,Golden State Warriors,Player Rebounds - Santi Aldama (MEM),40857010,Santi Aldama 10+,NA,4,NA,239737856,NA
Memphis Grizzlies v Golden State Warriors,Memphis Grizzlies,Golden State Warriors,Player Rebounds,Santi Aldama,Memphis Grizzlies,11.5,13,NA,BetRight,Golden State Warriors,Player Rebounds - Santi Aldama (MEM),40857010,Santi Aldama 12+,NA,5,NA,239750644,NA
Memphis Grizzlies v Golden State Warriors,Memphis Grizzlies,Golden State Warriors,Player Rebounds,Brandon Clarke,Memphis Grizzlies,3.5,1.17,NA,BetRight,Golden State Warriors,Player Rebounds - Brandon Clarke (MEM),40857011,Brandon Clarke 4+,NA,1,NA,239737857,NA
Memphis Grizzlies v Golden State Warriors,Memphis Grizzlies,Golden State Warriors,Player Rebounds,Brandon Clarke,Memphis Grizzlies,4.5,1.38,NA,BetRight,Golden State Warriors,Player Rebounds - Brandon Clarke (MEM),40857011,Brandon Clarke 5+,NA,2,NA,239737858,NA
Memphis Grizzlies v Golden State Warriors,Memphis Grizzlies,Golden State Warriors,Player Rebounds,Brandon Clarke,Memphis Grizzlies,7.5,3.5,NA,BetRight,Golden State Warriors,Player Rebounds - Brandon Clarke (MEM),40857011,Brandon Clarke 8+,NA,3,NA,239737859,NA
Memphis Grizzlies v Golden State Warriors,Memphis Grizzlies,Golden State Warriors,Player Rebounds,Brandon Clarke,Memphis Grizzlies,9.5,8.5,NA,BetRight,Golden State Warriors,Player Rebounds - Brandon Clarke (MEM),40857011,Brandon Clarke 10+,NA,4,NA,239737860,NA
Memphis Grizzlies v Golden State Warriors,Memphis Grizzlies,Golden State Warriors,Player Rebounds,Zach Edey,Memphis Grizzlies,3.5,1.03,NA,BetRight,Golden State Warriors,Player Rebounds - Zach Edey (MEM),40857012,Zach Edey 4+,NA,1,NA,239737861,NA
Memphis Grizzlies v Golden State Warriors,Memphis Grizzlies,Golden State Warriors,Player Rebounds,Zach Edey,Memphis Grizzlies,4.5,1.09,NA,BetRight,Golden State Warriors,Player Rebounds - Zach Edey (MEM),40857012,Zach Edey 5+,NA,2,NA,239737862,NA
Memphis Grizzlies v Golden State Warriors,Memphis Grizzlies,Golden State Warriors,Player Rebounds,Zach Edey,Memphis Grizzlies,7.5,1.7,NA,BetRight,Golden State Warriors,Player Rebounds - Zach Edey (MEM),40857012,Zach Edey 8+,NA,3,NA,239737863,NA
Memphis Grizzlies v Golden State Warriors,Memphis Grizzlies,Golden State Warriors,Player Rebounds,Zach Edey,Memphis Grizzlies,9.5,3,NA,BetRight,Golden State Warriors,Player Rebounds - Zach Edey (MEM),40857012,Zach Edey 10+,NA,4,NA,239737864,NA
Memphis Grizzlies v Golden State Warriors,Memphis Grizzlies,Golden State Warriors,Player Rebounds,Zach Edey,Memphis Grizzlies,11.5,6.25,NA,BetRight,Golden State Warriors,Player Rebounds - Zach Edey (MEM),40857012,Zach Edey 12+,NA,5,NA,239737865,NA
Memphis Grizzlies v Golden State Warriors,Memphis Grizzlies,Golden State Warriors,Player Rebounds,Jaylen Wells,Memphis Grizzlies,3.5,2.05,NA,BetRight,Golden State Warriors,Player Rebounds - Jaylen Wells (MEM),40857013,Jaylen Wells 4+,NA,1,NA,239737866,NA
Memphis Grizzlies v Golden State Warriors,Memphis Grizzlies,Golden State Warriors,Player Rebounds,Jaylen Wells,Memphis Grizzlies,4.5,3.3,NA,BetRight,Golden State Warriors,Player Rebounds - Jaylen Wells (MEM),40857013,Jaylen Wells 5+,NA,2,NA,239737867,NA
Memphis Grizzlies v Golden State Warriors,Memphis Grizzlies,Golden State Warriors,Player Rebounds,Jaylen Wells,Memphis Grizzlies,7.5,17,NA,BetRight,Golden State Warriors,Player Rebounds - Jaylen Wells (MEM),40857013,Jaylen Wells 8+,NA,3,NA,239737868,NA
Houston Rockets v New Orleans Pelicans,Houston Rockets,New Orleans Pelicans,Player Rebounds,Dillon Brooks,Houston Rockets,3.5,1.6,NA,BetRight,New Orleans Pelicans,Player Rebounds - Dillon Brooks (HOU),40810039,Dillon Brooks 4+,NA,1,NA,239542344,NA
Houston Rockets v New Orleans Pelicans,Houston Rockets,New Orleans Pelicans,Player Rebounds,Dillon Brooks,Houston Rockets,4.5,2.25,NA,BetRight,New Orleans Pelicans,Player Rebounds - Dillon Brooks (HOU),40810039,Dillon Brooks 5+,NA,2,NA,239542345,NA
Houston Rockets v New Orleans Pelicans,Houston Rockets,New Orleans Pelicans,Player Rebounds,Dillon Brooks,Houston Rockets,7.5,10,NA,BetRight,New Orleans Pelicans,Player Rebounds - Dillon Brooks (HOU),40810039,Dillon Brooks 8+,NA,3,NA,239542346,NA
Houston Rockets v New Orleans Pelicans,Houston Rockets,New Orleans Pelicans,Player Rebounds,Tari Eason,Houston Rockets,3.5,1.06,NA,BetRight,New Orleans Pelicans,Player Rebounds - Tari Eason (HOU),40810040,Tari Eason 4+,NA,1,NA,239542347,NA
Houston Rockets v New Orleans Pelicans,Houston Rockets,New Orleans Pelicans,Player Rebounds,Tari Eason,Houston Rockets,4.5,1.17,NA,BetRight,New Orleans Pelicans,Player Rebounds - Tari Eason (HOU),40810040,Tari Eason 5+,NA,2,NA,239542348,NA
Houston Rockets v New Orleans Pelicans,Houston Rockets,New Orleans Pelicans,Player Rebounds,Tari Eason,Houston Rockets,7.5,2.15,NA,BetRight,New Orleans Pelicans,Player Rebounds - Tari Eason (HOU),40810040,Tari Eason 8+,NA,3,NA,239542349,NA
Houston Rockets v New Orleans Pelicans,Houston Rockets,New Orleans Pelicans,Player Rebounds,Tari Eason,Houston Rockets,9.5,4.33,NA,BetRight,New Orleans Pelicans,Player Rebounds - Tari Eason (HOU),40810040,Tari Eason 10+,NA,4,NA,239542350,NA
Houston Rockets v New Orleans Pelicans,Houston Rockets,New Orleans Pelicans,Player Rebounds,Tari Eason,Houston Rockets,11.5,10,NA,BetRight,New Orleans Pelicans,Player Rebounds - Tari Eason (HOU),40810040,Tari Eason 12+,NA,5,NA,239542351,NA
Houston Rockets v New Orleans Pelicans,Houston Rockets,New Orleans Pelicans,Player Rebounds,Jalen Green,Houston Rockets,3.5,1.32,NA,BetRight,New Orleans Pelicans,Player Rebounds - Jalen Green (HOU),40810041,Jalen Green 4+,NA,1,NA,239542352,NA
Houston Rockets v New Orleans Pelicans,Houston Rockets,New Orleans Pelicans,Player Rebounds,Jalen Green,Houston Rockets,4.5,1.68,NA,BetRight,New Orleans Pelicans,Player Rebounds - Jalen Green (HOU),40810041,Jalen Green 5+,NA,2,NA,239542353,NA
Houston Rockets v New Orleans Pelicans,Houston Rockets,New Orleans Pelicans,Player Rebounds,Jalen Green,Houston Rockets,7.5,5.5,NA,BetRight,New Orleans Pelicans,Player Rebounds - Jalen Green (HOU),40810041,Jalen Green 8+,NA,3,NA,239542354,NA
Houston Rockets v New Orleans Pelicans,Houston Rockets,New Orleans Pelicans,Player Rebounds,Jalen Green,Houston Rockets,9.5,15,NA,BetRight,New Orleans Pelicans,Player Rebounds - Jalen Green (HOU),40810041,Jalen Green 10+,NA,4,NA,239542355,NA
Houston Rockets v New Orleans Pelicans,Houston Rockets,New Orleans Pelicans,Player Rebounds,Alperen Sengun,Houston Rockets,4.5,1.01,NA,BetRight,New Orleans Pelicans,Player Rebounds - Alperen Sengün (HOU),40810042,Alperen Sengün 5+,NA,1,NA,239542356,NA
Houston Rockets v New Orleans Pelicans,Houston Rockets,New Orleans Pelicans,Player Rebounds,Alperen Sengun,Houston Rockets,7.5,1.13,NA,BetRight,New Orleans Pelicans,Player Rebounds - Alperen Sengün (HOU),40810042,Alperen Sengün 8+,NA,2,NA,239542357,NA
Houston Rockets v New Orleans Pelicans,Houston Rockets,New Orleans Pelicans,Player Rebounds,Alperen Sengun,Houston Rockets,9.5,1.42,NA,BetRight,New Orleans Pelicans,Player Rebounds - Alperen Sengün (HOU),40810042,Alperen Sengün 10+,NA,3,NA,239542358,NA
Houston Rockets v New Orleans Pelicans,Houston Rockets,New Orleans Pelicans,Player Rebounds,Alperen Sengun,Houston Rockets,11.5,2.1,NA,BetRight,New Orleans Pelicans,Player Rebounds - Alperen Sengün (HOU),40810042,Alperen Sengün 12+,NA,4,NA,239542359,NA
Houston Rockets v New Orleans Pelicans,Houston Rockets,New Orleans Pelicans,Player Rebounds,Alperen Sengun,Houston Rockets,14.5,5,NA,BetRight,New Orleans Pelicans,Player Rebounds - Alperen Sengün (HOU),40810042,Alperen Sengün 15+,NA,5,NA,239542360,NA
Houston Rockets v New Orleans Pelicans,Houston Rockets,New Orleans Pelicans,Player Rebounds,Jabari Smith Jr.,Houston Rockets,3.5,1.04,NA,BetRight,New Orleans Pelicans,Player Rebounds - Jabari Smith Jr. (HOU),40810043,Jabari Smith Jr. 4+,NA,1,NA,239542361,NA
Houston Rockets v New Orleans Pelicans,Houston Rockets,New Orleans Pelicans,Player Rebounds,Jabari Smith Jr.,Houston Rockets,4.5,1.1,NA,BetRight,New Orleans Pelicans,Player Rebounds - Jabari Smith Jr. (HOU),40810043,Jabari Smith Jr. 5+,NA,2,NA,239542362,NA
Houston Rockets v New Orleans Pelicans,Houston Rockets,New Orleans Pelicans,Player Rebounds,Jabari Smith Jr.,Houston Rockets,7.5,1.78,NA,BetRight,New Orleans Pelicans,Player Rebounds - Jabari Smith Jr. (HOU),40810043,Jabari Smith Jr. 8+,NA,3,NA,239542363,NA
Houston Rockets v New Orleans Pelicans,Houston Rockets,New Orleans Pelicans,Player Rebounds,Jabari Smith Jr.,Houston Rockets,9.5,3.25,NA,BetRight,New Orleans Pelicans,Player Rebounds - Jabari Smith Jr. (HOU),40810043,Jabari Smith Jr. 10+,NA,4,NA,239542364,NA
Houston Rockets v New Orleans Pelicans,Houston Rockets,New Orleans Pelicans,Player Rebounds,Jabari Smith Jr.,Houston Rockets,11.5,6.75,NA,BetRight,New Orleans Pelicans,Player Rebounds - Jabari Smith Jr. (HOU),40810043,Jabari Smith Jr. 12+,NA,5,NA,239542365,NA
Houston Rockets v New Orleans Pelicans,Houston Rockets,New Orleans Pelicans,Player Rebounds,Amen Thompson,Houston Rockets,3.5,1.04,NA,BetRight,New Orleans Pelicans,Player Rebounds - Amen Thompson (HOU),40810044,Amen Thompson 4+,NA,1,NA,239542366,NA
Houston Rockets v New Orleans Pelicans,Houston Rockets,New Orleans Pelicans,Player Rebounds,Amen Thompson,Houston Rockets,4.5,1.11,NA,BetRight,New Orleans Pelicans,Player Rebounds - Amen Thompson (HOU),40810044,Amen Thompson 5+,NA,2,NA,239542367,NA
Houston Rockets v New Orleans Pelicans,Houston Rockets,New Orleans Pelicans,Player Rebounds,Amen Thompson,Houston Rockets,7.5,1.85,NA,BetRight,New Orleans Pelicans,Player Rebounds - Amen Thompson (HOU),40810044,Amen Thompson 8+,NA,3,NA,239542368,NA
Houston Rockets v New Orleans Pelicans,Houston Rockets,New Orleans Pelicans,Player Rebounds,Amen Thompson,Houston Rockets,9.5,3.4,NA,BetRight,New Orleans Pelicans,Player Rebounds - Amen Thompson (HOU),40810044,Amen Thompson 10+,NA,4,NA,239542369,NA
Houston Rockets v New Orleans Pelicans,Houston Rockets,New Orleans Pelicans,Player Rebounds,Amen Thompson,Houston Rockets,11.5,7,NA,BetRight,New Orleans Pelicans,Player Rebounds - Amen Thompson (HOU),40810044,Amen Thompson 12+,NA,5,NA,239542370,NA
Houston Rockets v New Orleans Pelicans,Houston Rockets,New Orleans Pelicans,Player Rebounds,Fred VanVleet,Houston Rockets,3.5,1.38,NA,BetRight,New Orleans Pelicans,Player Rebounds - Fred VanVleet (HOU),40810045,Fred VanVleet 4+,NA,1,NA,239542371,NA
Houston Rockets v New Orleans Pelicans,Houston Rockets,New Orleans Pelicans,Player Rebounds,Fred VanVleet,Houston Rockets,4.5,1.85,NA,BetRight,New Orleans Pelicans,Player Rebounds - Fred VanVleet (HOU),40810045,Fred VanVleet 5+,NA,2,NA,239542372,NA
Houston Rockets v New Orleans Pelicans,Houston Rockets,New Orleans Pelicans,Player Rebounds,Fred VanVleet,Houston Rockets,7.5,6.75,NA,BetRight,New Orleans Pelicans,Player Rebounds - Fred VanVleet (HOU),40810045,Fred VanVleet 8+,NA,3,NA,239542373,NA
Houston Rockets v New Orleans Pelicans,Houston Rockets,New Orleans Pelicans,Player Rebounds,Fred VanVleet,Houston Rockets,9.5,19,NA,BetRight,New Orleans Pelicans,Player Rebounds - Fred VanVleet (HOU),40810045,Fred VanVleet 10+,NA,4,NA,239722144,NA
Houston Rockets v New Orleans Pelicans,Houston Rockets,New Orleans Pelicans,Player Rebounds,Herbert Jones,New Orleans Pelicans,3.5,1.55,NA,BetRight,Houston Rockets,Player Rebounds - Herb Jones (NO),40810046,Herb Jones 4+,NA,1,NA,239542374,NA
Houston Rockets v New Orleans Pelicans,Houston Rockets,New Orleans Pelicans,Player Rebounds,Herbert Jones,New Orleans Pelicans,4.5,2.15,NA,BetRight,Houston Rockets,Player Rebounds - Herb Jones (NO),40810046,Herb Jones 5+,NA,2,NA,239542375,NA
Houston Rockets v New Orleans Pelicans,Houston Rockets,New Orleans Pelicans,Player Rebounds,Herbert Jones,New Orleans Pelicans,7.5,9,NA,BetRight,Houston Rockets,Player Rebounds - Herb Jones (NO),40810046,Herb Jones 8+,NA,3,NA,239542376,NA
Houston Rockets v New Orleans Pelicans,Houston Rockets,New Orleans Pelicans,Player Rebounds,CJ McCollum,New Orleans Pelicans,3.5,1.55,NA,BetRight,Houston Rockets,Player Rebounds - CJ McCollum (NO),40810047,CJ McCollum 4+,NA,1,NA,239542377,NA
Houston Rockets v New Orleans Pelicans,Houston Rockets,New Orleans Pelicans,Player Rebounds,CJ McCollum,New Orleans Pelicans,4.5,2.2,NA,BetRight,Houston Rockets,Player Rebounds - CJ McCollum (NO),40810047,CJ McCollum 5+,NA,2,NA,239542378,NA
Houston Rockets v New Orleans Pelicans,Houston Rockets,New Orleans Pelicans,Player Rebounds,CJ McCollum,New Orleans Pelicans,7.5,9.5,NA,BetRight,Houston Rockets,Player Rebounds - CJ McCollum (NO),40810047,CJ McCollum 8+,NA,3,NA,239542379,NA
Houston Rockets v New Orleans Pelicans,Houston Rockets,New Orleans Pelicans,Player Rebounds,Yves Missi,New Orleans Pelicans,4.5,1.01,NA,BetRight,Houston Rockets,Player Rebounds - Yves Missi (NO),40810048,Yves Missi 5+,NA,6,NA,239651869,NA
Houston Rockets v New Orleans Pelicans,Houston Rockets,New Orleans Pelicans,Player Rebounds,Yves Missi,New Orleans Pelicans,7.5,1.15,NA,BetRight,Houston Rockets,Player Rebounds - Yves Missi (NO),40810048,Yves Missi 8+,NA,1,NA,239542380,NA
Houston Rockets v New Orleans Pelicans,Houston Rockets,New Orleans Pelicans,Player Rebounds,Yves Missi,New Orleans Pelicans,9.5,1.5,NA,BetRight,Houston Rockets,Player Rebounds - Yves Missi (NO),40810048,Yves Missi 10+,NA,2,NA,239542381,NA
Houston Rockets v New Orleans Pelicans,Houston Rockets,New Orleans Pelicans,Player Rebounds,Yves Missi,New Orleans Pelicans,11.5,2.25,NA,BetRight,Houston Rockets,Player Rebounds - Yves Missi (NO),40810048,Yves Missi 12+,NA,3,NA,239542382,NA
Houston Rockets v New Orleans Pelicans,Houston Rockets,New Orleans Pelicans,Player Rebounds,Yves Missi,New Orleans Pelicans,14.5,5.5,NA,BetRight,Houston Rockets,Player Rebounds - Yves Missi (NO),40810048,Yves Missi 15+,NA,4,NA,239542383,NA
Houston Rockets v New Orleans Pelicans,Houston Rockets,New Orleans Pelicans,Player Rebounds,Trey Murphy III,New Orleans Pelicans,3.5,1.22,NA,BetRight,Houston Rockets,Player Rebounds - Trey Murphy III (NO),40810049,Trey Murphy III 4+,NA,1,NA,239542385,NA
Houston Rockets v New Orleans Pelicans,Houston Rockets,New Orleans Pelicans,Player Rebounds,Trey Murphy III,New Orleans Pelicans,4.5,1.5,NA,BetRight,Houston Rockets,Player Rebounds - Trey Murphy III (NO),40810049,Trey Murphy III 5+,NA,2,NA,239542386,NA
Houston Rockets v New Orleans Pelicans,Houston Rockets,New Orleans Pelicans,Player Rebounds,Trey Murphy III,New Orleans Pelicans,7.5,4.33,NA,BetRight,Houston Rockets,Player Rebounds - Trey Murphy III (NO),40810049,Trey Murphy III 8+,NA,3,NA,239542387,NA
Houston Rockets v New Orleans Pelicans,Houston Rockets,New Orleans Pelicans,Player Rebounds,Trey Murphy III,New Orleans Pelicans,9.5,11,NA,BetRight,Houston Rockets,Player Rebounds - Trey Murphy III (NO),40810049,Trey Murphy III 10+,NA,4,NA,239542388,NA
Houston Rockets v New Orleans Pelicans,Houston Rockets,New Orleans Pelicans,Player Rebounds,Dejounte Murray,New Orleans Pelicans,3.5,1.14,NA,BetRight,Houston Rockets,Player Rebounds - Dejounte Murray (NO),40810050,Dejounte Murray 4+,NA,1,NA,239542389,NA
Houston Rockets v New Orleans Pelicans,Houston Rockets,New Orleans Pelicans,Player Rebounds,Dejounte Murray,New Orleans Pelicans,4.5,1.3,NA,BetRight,Houston Rockets,Player Rebounds - Dejounte Murray (NO),40810050,Dejounte Murray 5+,NA,2,NA,239542390,NA
Houston Rockets v New Orleans Pelicans,Houston Rockets,New Orleans Pelicans,Player Rebounds,Dejounte Murray,New Orleans Pelicans,7.5,3,NA,BetRight,Houston Rockets,Player Rebounds - Dejounte Murray (NO),40810050,Dejounte Murray 8+,NA,3,NA,239542391,NA
Houston Rockets v New Orleans Pelicans,Houston Rockets,New Orleans Pelicans,Player Rebounds,Dejounte Murray,New Orleans Pelicans,9.5,7,NA,BetRight,Houston Rockets,Player Rebounds - Dejounte Murray (NO),40810050,Dejounte Murray 10+,NA,4,NA,239542392,NA
Dallas Mavericks v Los Angeles Clippers,Dallas Mavericks,Los Angeles Clippers,Player Rebounds,Daniel Gafford,Dallas Mavericks,3.5,1.2,NA,BetRight,Los Angeles Clippers,Player Rebounds - Daniel Gafford (DAL),40819055,Daniel Gafford 4+,NA,1,NA,239584005,NA
Dallas Mavericks v Los Angeles Clippers,Dallas Mavericks,Los Angeles Clippers,Player Rebounds,Daniel Gafford,Dallas Mavericks,4.5,1.45,NA,BetRight,Los Angeles Clippers,Player Rebounds - Daniel Gafford (DAL),40819055,Daniel Gafford 5+,NA,2,NA,239584003,NA
Dallas Mavericks v Los Angeles Clippers,Dallas Mavericks,Los Angeles Clippers,Player Rebounds,Daniel Gafford,Dallas Mavericks,7.5,4.1,NA,BetRight,Los Angeles Clippers,Player Rebounds - Daniel Gafford (DAL),40819055,Daniel Gafford 8+,NA,3,NA,239584006,NA
Dallas Mavericks v Los Angeles Clippers,Dallas Mavericks,Los Angeles Clippers,Player Rebounds,Daniel Gafford,Dallas Mavericks,9.5,10,NA,BetRight,Los Angeles Clippers,Player Rebounds - Daniel Gafford (DAL),40819055,Daniel Gafford 10+,NA,4,NA,239584004,NA
Dallas Mavericks v Los Angeles Clippers,Dallas Mavericks,Los Angeles Clippers,Player Rebounds,Kyrie Irving,Dallas Mavericks,3.5,1.53,NA,BetRight,Los Angeles Clippers,Player Rebounds - Kyrie Irving (DAL),40819056,Kyrie Irving 4+,NA,1,NA,239584008,NA
Dallas Mavericks v Los Angeles Clippers,Dallas Mavericks,Los Angeles Clippers,Player Rebounds,Kyrie Irving,Dallas Mavericks,4.5,2.15,NA,BetRight,Los Angeles Clippers,Player Rebounds - Kyrie Irving (DAL),40819056,Kyrie Irving 5+,NA,2,NA,239584007,NA
Dallas Mavericks v Los Angeles Clippers,Dallas Mavericks,Los Angeles Clippers,Player Rebounds,Kyrie Irving,Dallas Mavericks,7.5,9,NA,BetRight,Los Angeles Clippers,Player Rebounds - Kyrie Irving (DAL),40819056,Kyrie Irving 8+,NA,3,NA,239584009,NA
Dallas Mavericks v Los Angeles Clippers,Dallas Mavericks,Los Angeles Clippers,Player Rebounds,Dereck Lively II,Dallas Mavericks,4.5,1.03,NA,BetRight,Los Angeles Clippers,Player Rebounds - Dereck Lively II (DAL),40819057,Dereck Lively II 5+,NA,1,NA,239584011,NA
Dallas Mavericks v Los Angeles Clippers,Dallas Mavericks,Los Angeles Clippers,Player Rebounds,Dereck Lively II,Dallas Mavericks,7.5,1.3,NA,BetRight,Los Angeles Clippers,Player Rebounds - Dereck Lively II (DAL),40819057,Dereck Lively II 8+,NA,2,NA,239584014,NA
Dallas Mavericks v Los Angeles Clippers,Dallas Mavericks,Los Angeles Clippers,Player Rebounds,Dereck Lively II,Dallas Mavericks,9.5,1.9,NA,BetRight,Los Angeles Clippers,Player Rebounds - Dereck Lively II (DAL),40819057,Dereck Lively II 10+,NA,3,NA,239584012,NA
Dallas Mavericks v Los Angeles Clippers,Dallas Mavericks,Los Angeles Clippers,Player Rebounds,Dereck Lively II,Dallas Mavericks,11.5,3.25,NA,BetRight,Los Angeles Clippers,Player Rebounds - Dereck Lively II (DAL),40819057,Dereck Lively II 12+,NA,4,NA,239584010,NA
Dallas Mavericks v Los Angeles Clippers,Dallas Mavericks,Los Angeles Clippers,Player Rebounds,Dereck Lively II,Dallas Mavericks,14.5,9,NA,BetRight,Los Angeles Clippers,Player Rebounds - Dereck Lively II (DAL),40819057,Dereck Lively II 15+,NA,5,NA,239584013,NA
Dallas Mavericks v Los Angeles Clippers,Dallas Mavericks,Los Angeles Clippers,Player Rebounds,Klay Thompson,Dallas Mavericks,3.5,2.15,NA,BetRight,Los Angeles Clippers,Player Rebounds - Klay Thompson (DAL),40819058,Klay Thompson 4+,NA,1,NA,239584016,NA
Dallas Mavericks v Los Angeles Clippers,Dallas Mavericks,Los Angeles Clippers,Player Rebounds,Klay Thompson,Dallas Mavericks,4.5,3.4,NA,BetRight,Los Angeles Clippers,Player Rebounds - Klay Thompson (DAL),40819058,Klay Thompson 5+,NA,2,NA,239584017,NA
Dallas Mavericks v Los Angeles Clippers,Dallas Mavericks,Los Angeles Clippers,Player Rebounds,Klay Thompson,Dallas Mavericks,7.5,19,NA,BetRight,Los Angeles Clippers,Player Rebounds - Klay Thompson (DAL),40819058,Klay Thompson 8+,NA,3,NA,239584015,NA
Dallas Mavericks v Los Angeles Clippers,Dallas Mavericks,Los Angeles Clippers,Player Rebounds,P.J. Washington,Dallas Mavericks,3.5,1.03,NA,BetRight,Los Angeles Clippers,Player Rebounds - P.J. Washington (DAL),40819059,P.J. Washington 4+,NA,1,NA,239584021,NA
Dallas Mavericks v Los Angeles Clippers,Dallas Mavericks,Los Angeles Clippers,Player Rebounds,P.J. Washington,Dallas Mavericks,4.5,1.09,NA,BetRight,Los Angeles Clippers,Player Rebounds - P.J. Washington (DAL),40819059,P.J. Washington 5+,NA,2,NA,239584018,NA
Dallas Mavericks v Los Angeles Clippers,Dallas Mavericks,Los Angeles Clippers,Player Rebounds,P.J. Washington,Dallas Mavericks,7.5,1.75,NA,BetRight,Los Angeles Clippers,Player Rebounds - P.J. Washington (DAL),40819059,P.J. Washington 8+,NA,3,NA,239584020,NA
Dallas Mavericks v Los Angeles Clippers,Dallas Mavericks,Los Angeles Clippers,Player Rebounds,P.J. Washington,Dallas Mavericks,9.5,3.1,NA,BetRight,Los Angeles Clippers,Player Rebounds - P.J. Washington (DAL),40819059,P.J. Washington 10+,NA,4,NA,239584022,NA
Dallas Mavericks v Los Angeles Clippers,Dallas Mavericks,Los Angeles Clippers,Player Rebounds,P.J. Washington,Dallas Mavericks,11.5,6.5,NA,BetRight,Los Angeles Clippers,Player Rebounds - P.J. Washington (DAL),40819059,P.J. Washington 12+,NA,5,NA,239584019,NA
Dallas Mavericks v Los Angeles Clippers,Dallas Mavericks,Los Angeles Clippers,Player Rebounds,Kris Dunn,Los Angeles Clippers,3.5,2.15,NA,BetRight,Dallas Mavericks,Player Rebounds - Kris Dunn (LAC),40819061,Kris Dunn 4+,NA,1,NA,239584027,NA
Dallas Mavericks v Los Angeles Clippers,Dallas Mavericks,Los Angeles Clippers,Player Rebounds,Kris Dunn,Los Angeles Clippers,4.5,3.5,NA,BetRight,Dallas Mavericks,Player Rebounds - Kris Dunn (LAC),40819061,Kris Dunn 5+,NA,2,NA,239584028,NA
Dallas Mavericks v Los Angeles Clippers,Dallas Mavericks,Los Angeles Clippers,Player Rebounds,Kris Dunn,Los Angeles Clippers,7.5,21,NA,BetRight,Dallas Mavericks,Player Rebounds - Kris Dunn (LAC),40819061,Kris Dunn 8+,NA,3,NA,239584026,NA
Dallas Mavericks v Los Angeles Clippers,Dallas Mavericks,Los Angeles Clippers,Player Rebounds,James Harden,Los Angeles Clippers,3.5,1.25,NA,BetRight,Dallas Mavericks,Player Rebounds - James Harden (LAC),40819062,James Harden 4+,NA,1,NA,239584030,NA
Dallas Mavericks v Los Angeles Clippers,Dallas Mavericks,Los Angeles Clippers,Player Rebounds,James Harden,Los Angeles Clippers,4.5,1.53,NA,BetRight,Dallas Mavericks,Player Rebounds - James Harden (LAC),40819062,James Harden 5+,NA,2,NA,239584031,NA
Dallas Mavericks v Los Angeles Clippers,Dallas Mavericks,Los Angeles Clippers,Player Rebounds,James Harden,Los Angeles Clippers,7.5,4.5,NA,BetRight,Dallas Mavericks,Player Rebounds - James Harden (LAC),40819062,James Harden 8+,NA,3,NA,239584029,NA
Dallas Mavericks v Los Angeles Clippers,Dallas Mavericks,Los Angeles Clippers,Player Rebounds,James Harden,Los Angeles Clippers,9.5,12,NA,BetRight,Dallas Mavericks,Player Rebounds - James Harden (LAC),40819062,James Harden 10+,NA,4,NA,239584032,NA
Dallas Mavericks v Los Angeles Clippers,Dallas Mavericks,Los Angeles Clippers,Player Rebounds,Kevin Porter Jr.,Los Angeles Clippers,3.5,2.25,NA,BetRight,Dallas Mavericks,Player Rebounds - Kevin Porter Jr. (LAC),40819063,Kevin Porter Jr. 4+,NA,1,NA,239584035,NA
Dallas Mavericks v Los Angeles Clippers,Dallas Mavericks,Los Angeles Clippers,Player Rebounds,Kevin Porter Jr.,Los Angeles Clippers,4.5,3.75,NA,BetRight,Dallas Mavericks,Player Rebounds - Kevin Porter Jr. (LAC),40819063,Kevin Porter Jr. 5+,NA,2,NA,239584033,NA
Dallas Mavericks v Los Angeles Clippers,Dallas Mavericks,Los Angeles Clippers,Player Rebounds,Kevin Porter Jr.,Los Angeles Clippers,7.5,23,NA,BetRight,Dallas Mavericks,Player Rebounds - Kevin Porter Jr. (LAC),40819063,Kevin Porter Jr. 8+,NA,3,NA,239584034,NA
Dallas Mavericks v Los Angeles Clippers,Dallas Mavericks,Los Angeles Clippers,Player Rebounds,Norman Powell,Los Angeles Clippers,3.5,2.4,NA,BetRight,Dallas Mavericks,Player Rebounds - Norman Powell (LAC),40819064,Norman Powell 4+,NA,1,NA,239584037,NA
Dallas Mavericks v Los Angeles Clippers,Dallas Mavericks,Los Angeles Clippers,Player Rebounds,Norman Powell,Los Angeles Clippers,4.5,4.1,NA,BetRight,Dallas Mavericks,Player Rebounds - Norman Powell (LAC),40819064,Norman Powell 5+,NA,2,NA,239584036,NA
Dallas Mavericks v Los Angeles Clippers,Dallas Mavericks,Los Angeles Clippers,Player Rebounds,Norman Powell,Los Angeles Clippers,7.5,23,NA,BetRight,Dallas Mavericks,Player Rebounds - Norman Powell (LAC),40819064,Norman Powell 8+,NA,3,NA,239584038,NA
Dallas Mavericks v Los Angeles Clippers,Dallas Mavericks,Los Angeles Clippers,Player Rebounds,Ivica Zubac,Los Angeles Clippers,7.5,1.11,NA,BetRight,Dallas Mavericks,Player Rebounds - Ivica Zubac (LAC),40819065,Ivica Zubac 8+,NA,2,NA,239584043,NA
Dallas Mavericks v Los Angeles Clippers,Dallas Mavericks,Los Angeles Clippers,Player Rebounds,Ivica Zubac,Los Angeles Clippers,9.5,1.35,NA,BetRight,Dallas Mavericks,Player Rebounds - Ivica Zubac (LAC),40819065,Ivica Zubac 10+,NA,3,NA,239584041,NA
Dallas Mavericks v Los Angeles Clippers,Dallas Mavericks,Los Angeles Clippers,Player Rebounds,Ivica Zubac,Los Angeles Clippers,11.5,1.92,NA,BetRight,Dallas Mavericks,Player Rebounds - Ivica Zubac (LAC),40819065,Ivica Zubac 12+,NA,4,NA,239584039,NA
Dallas Mavericks v Los Angeles Clippers,Dallas Mavericks,Los Angeles Clippers,Player Rebounds,Ivica Zubac,Los Angeles Clippers,14.5,4.2,NA,BetRight,Dallas Mavericks,Player Rebounds - Ivica Zubac (LAC),40819065,Ivica Zubac 15+,NA,5,NA,239584042,NA
Dallas Mavericks v Los Angeles Clippers,Dallas Mavericks,Los Angeles Clippers,Player Rebounds,Ivica Zubac,Los Angeles Clippers,17.5,11,NA,BetRight,Dallas Mavericks,Player Rebounds - Ivica Zubac (LAC),40819065,Ivica Zubac 18+,NA,6,NA,239610327,NA
Dallas Mavericks v Los Angeles Clippers,Dallas Mavericks,Los Angeles Clippers,Player Rebounds,Naji Marshall,Dallas Mavericks,3.5,1.53,NA,BetRight,Los Angeles Clippers,Player Rebounds - Naji Marshall (DAL),40857491,Naji Marshall 4+,NA,1,NA,239739491,NA
Dallas Mavericks v Los Angeles Clippers,Dallas Mavericks,Los Angeles Clippers,Player Rebounds,Naji Marshall,Dallas Mavericks,4.5,2.1,NA,BetRight,Los Angeles Clippers,Player Rebounds - Naji Marshall (DAL),40857491,Naji Marshall 5+,NA,2,NA,239739492,NA
Dallas Mavericks v Los Angeles Clippers,Dallas Mavericks,Los Angeles Clippers,Player Rebounds,Naji Marshall,Dallas Mavericks,7.5,9,NA,BetRight,Los Angeles Clippers,Player Rebounds - Naji Marshall (DAL),40857491,Naji Marshall 8+,NA,3,NA,239739493,NA
Phoenix Suns v Indiana Pacers,Phoenix Suns,Indiana Pacers,Player Rebounds,Bradley Beal,Phoenix Suns,3.5,1.57,NA,BetRight,Indiana Pacers,Player Rebounds - Bradley Beal (PHO),40814647,Bradley Beal 4+,NA,1,NA,239566178,NA
Phoenix Suns v Indiana Pacers,Phoenix Suns,Indiana Pacers,Player Rebounds,Bradley Beal,Phoenix Suns,4.5,2.04,NA,BetRight,Indiana Pacers,Player Rebounds - Bradley Beal (PHO),40814647,Bradley Beal 5+,NA,2,NA,239566177,NA
Phoenix Suns v Indiana Pacers,Phoenix Suns,Indiana Pacers,Player Rebounds,Bradley Beal,Phoenix Suns,7.5,9.5,NA,BetRight,Indiana Pacers,Player Rebounds - Bradley Beal (PHO),40814647,Bradley Beal 8+,NA,3,NA,239566176,NA
Phoenix Suns v Indiana Pacers,Phoenix Suns,Indiana Pacers,Player Rebounds,Devin Booker,Phoenix Suns,3.5,1.78,NA,BetRight,Indiana Pacers,Player Rebounds - Devin Booker (PHO),40814648,Devin Booker 4+,NA,1,NA,239566180,NA
Phoenix Suns v Indiana Pacers,Phoenix Suns,Indiana Pacers,Player Rebounds,Devin Booker,Phoenix Suns,4.5,2.63,NA,BetRight,Indiana Pacers,Player Rebounds - Devin Booker (PHO),40814648,Devin Booker 5+,NA,2,NA,239566179,NA
Phoenix Suns v Indiana Pacers,Phoenix Suns,Indiana Pacers,Player Rebounds,Devin Booker,Phoenix Suns,7.5,12,NA,BetRight,Indiana Pacers,Player Rebounds - Devin Booker (PHO),40814648,Devin Booker 8+,NA,3,NA,239566181,NA
Phoenix Suns v Indiana Pacers,Phoenix Suns,Indiana Pacers,Player Rebounds,Kevin Durant,Phoenix Suns,3.5,1.1,NA,BetRight,Indiana Pacers,Player Rebounds - Kevin Durant (PHO),40814649,Kevin Durant 4+,NA,1,NA,239566183,NA
Phoenix Suns v Indiana Pacers,Phoenix Suns,Indiana Pacers,Player Rebounds,Kevin Durant,Phoenix Suns,4.5,1.22,NA,BetRight,Indiana Pacers,Player Rebounds - Kevin Durant (PHO),40814649,Kevin Durant 5+,NA,2,NA,239566185,NA
Phoenix Suns v Indiana Pacers,Phoenix Suns,Indiana Pacers,Player Rebounds,Kevin Durant,Phoenix Suns,7.5,2.5,NA,BetRight,Indiana Pacers,Player Rebounds - Kevin Durant (PHO),40814649,Kevin Durant 8+,NA,3,NA,239566184,NA
Phoenix Suns v Indiana Pacers,Phoenix Suns,Indiana Pacers,Player Rebounds,Kevin Durant,Phoenix Suns,9.5,5.5,NA,BetRight,Indiana Pacers,Player Rebounds - Kevin Durant (PHO),40814649,Kevin Durant 10+,NA,4,NA,239566182,NA
Phoenix Suns v Indiana Pacers,Phoenix Suns,Indiana Pacers,Player Rebounds,Kevin Durant,Phoenix Suns,11.5,13,NA,BetRight,Indiana Pacers,Player Rebounds - Kevin Durant (PHO),40814649,Kevin Durant 12+,NA,5,NA,239749414,NA
Phoenix Suns v Indiana Pacers,Phoenix Suns,Indiana Pacers,Player Rebounds,Jusuf Nurkic,NA,7.5,1.11,NA,BetRight,NA,Player Rebounds - Jusuf Nurkic (PHO),40814650,Jusuf Nurkic 8+,NA,2,NA,239566189,NA
Phoenix Suns v Indiana Pacers,Phoenix Suns,Indiana Pacers,Player Rebounds,Jusuf Nurkic,NA,9.5,1.38,NA,BetRight,NA,Player Rebounds - Jusuf Nurkic (PHO),40814650,Jusuf Nurkic 10+,NA,3,NA,239566188,NA
Phoenix Suns v Indiana Pacers,Phoenix Suns,Indiana Pacers,Player Rebounds,Jusuf Nurkic,NA,11.5,2,NA,BetRight,NA,Player Rebounds - Jusuf Nurkic (PHO),40814650,Jusuf Nurkic 12+,NA,4,NA,239566190,NA
Phoenix Suns v Indiana Pacers,Phoenix Suns,Indiana Pacers,Player Rebounds,Jusuf Nurkic,NA,14.5,4.5,NA,BetRight,NA,Player Rebounds - Jusuf Nurkic (PHO),40814650,Jusuf Nurkic 15+,NA,5,NA,239566187,NA
Phoenix Suns v Indiana Pacers,Phoenix Suns,Indiana Pacers,Player Rebounds,Jusuf Nurkic,NA,17.5,11,NA,BetRight,NA,Player Rebounds - Jusuf Nurkic (PHO),40814650,Jusuf Nurkic 18+,NA,6,NA,239637169,NA
Phoenix Suns v Indiana Pacers,Phoenix Suns,Indiana Pacers,Player Rebounds,Tyrese Haliburton,Indiana Pacers,3.5,2,NA,BetRight,Phoenix Suns,Player Rebounds - Tyrese Haliburton (IND),40814651,Tyrese Haliburton 4+,NA,1,NA,239566193,NA
Phoenix Suns v Indiana Pacers,Phoenix Suns,Indiana Pacers,Player Rebounds,Tyrese Haliburton,Indiana Pacers,4.5,3.25,NA,BetRight,Phoenix Suns,Player Rebounds - Tyrese Haliburton (IND),40814651,Tyrese Haliburton 5+,NA,2,NA,239566192,NA
Phoenix Suns v Indiana Pacers,Phoenix Suns,Indiana Pacers,Player Rebounds,Tyrese Haliburton,Indiana Pacers,7.5,17,NA,BetRight,Phoenix Suns,Player Rebounds - Tyrese Haliburton (IND),40814651,Tyrese Haliburton 8+,NA,3,NA,239566191,NA
Phoenix Suns v Indiana Pacers,Phoenix Suns,Indiana Pacers,Player Rebounds,Bennedict Mathurin,Indiana Pacers,3.5,1.15,NA,BetRight,Phoenix Suns,Player Rebounds - Bennedict Mathurin (IND),40814652,Bennedict Mathurin 4+,NA,1,NA,239566196,NA
Phoenix Suns v Indiana Pacers,Phoenix Suns,Indiana Pacers,Player Rebounds,Bennedict Mathurin,Indiana Pacers,4.5,1.36,NA,BetRight,Phoenix Suns,Player Rebounds - Bennedict Mathurin (IND),40814652,Bennedict Mathurin 5+,NA,2,NA,239566194,NA
Phoenix Suns v Indiana Pacers,Phoenix Suns,Indiana Pacers,Player Rebounds,Bennedict Mathurin,Indiana Pacers,7.5,3.6,NA,BetRight,Phoenix Suns,Player Rebounds - Bennedict Mathurin (IND),40814652,Bennedict Mathurin 8+,NA,3,NA,239566197,NA
Phoenix Suns v Indiana Pacers,Phoenix Suns,Indiana Pacers,Player Rebounds,Bennedict Mathurin,Indiana Pacers,9.5,8.5,NA,BetRight,Phoenix Suns,Player Rebounds - Bennedict Mathurin (IND),40814652,Bennedict Mathurin 10+,NA,4,NA,239566195,NA
Phoenix Suns v Indiana Pacers,Phoenix Suns,Indiana Pacers,Player Rebounds,Pascal Siakam,Indiana Pacers,3.5,1.08,NA,BetRight,Phoenix Suns,Player Rebounds - Pascal Siakam (IND),40814653,Pascal Siakam 4+,NA,1,NA,239566198,NA
Phoenix Suns v Indiana Pacers,Phoenix Suns,Indiana Pacers,Player Rebounds,Pascal Siakam,Indiana Pacers,4.5,1.21,NA,BetRight,Phoenix Suns,Player Rebounds - Pascal Siakam (IND),40814653,Pascal Siakam 5+,NA,2,NA,239566200,NA
Phoenix Suns v Indiana Pacers,Phoenix Suns,Indiana Pacers,Player Rebounds,Pascal Siakam,Indiana Pacers,7.5,2.5,NA,BetRight,Phoenix Suns,Player Rebounds - Pascal Siakam (IND),40814653,Pascal Siakam 8+,NA,3,NA,239566201,NA
Phoenix Suns v Indiana Pacers,Phoenix Suns,Indiana Pacers,Player Rebounds,Pascal Siakam,Indiana Pacers,9.5,5.25,NA,BetRight,Phoenix Suns,Player Rebounds - Pascal Siakam (IND),40814653,Pascal Siakam 10+,NA,4,NA,239566199,NA
Phoenix Suns v Indiana Pacers,Phoenix Suns,Indiana Pacers,Player Rebounds,Pascal Siakam,Indiana Pacers,11.5,12,NA,BetRight,Phoenix Suns,Player Rebounds - Pascal Siakam (IND),40814653,Pascal Siakam 12+,NA,5,NA,239566202,NA
Phoenix Suns v Indiana Pacers,Phoenix Suns,Indiana Pacers,Player Rebounds,Myles Turner,Indiana Pacers,3.5,1.08,NA,BetRight,Phoenix Suns,Player Rebounds - Myles Turner (IND),40814654,Myles Turner 4+,NA,1,NA,239566205,NA
Phoenix Suns v Indiana Pacers,Phoenix Suns,Indiana Pacers,Player Rebounds,Myles Turner,Indiana Pacers,4.5,1.21,NA,BetRight,Phoenix Suns,Player Rebounds - Myles Turner (IND),40814654,Myles Turner 5+,NA,2,NA,239566207,NA
Phoenix Suns v Indiana Pacers,Phoenix Suns,Indiana Pacers,Player Rebounds,Myles Turner,Indiana Pacers,7.5,2.4,NA,BetRight,Phoenix Suns,Player Rebounds - Myles Turner (IND),40814654,Myles Turner 8+,NA,3,NA,239566203,NA
Phoenix Suns v Indiana Pacers,Phoenix Suns,Indiana Pacers,Player Rebounds,Myles Turner,Indiana Pacers,9.5,5.25,NA,BetRight,Phoenix Suns,Player Rebounds - Myles Turner (IND),40814654,Myles Turner 10+,NA,4,NA,239566206,NA
Phoenix Suns v Indiana Pacers,Phoenix Suns,Indiana Pacers,Player Rebounds,Myles Turner,Indiana Pacers,11.5,12,NA,BetRight,Phoenix Suns,Player Rebounds - Myles Turner (IND),40814654,Myles Turner 12+,NA,5,NA,239566204,NA
Phoenix Suns v Indiana Pacers,Phoenix Suns,Indiana Pacers,Player Rebounds,Tyus Jones,Phoenix Suns,3.5,3.1,NA,BetRight,Indiana Pacers,Player Rebounds - Tyus Jones (PHO),40833265,Tyus Jones 4+,NA,1,NA,239638363,NA
Phoenix Suns v Indiana Pacers,Phoenix Suns,Indiana Pacers,Player Rebounds,Tyus Jones,Phoenix Suns,4.5,5.5,NA,BetRight,Indiana Pacers,Player Rebounds - Tyus Jones (PHO),40833265,Tyus Jones 5+,NA,2,NA,239638364,NA
Phoenix Suns v Indiana Pacers,Phoenix Suns,Indiana Pacers,Player Rebounds,Tyus Jones,Phoenix Suns,7.5,34,NA,BetRight,Indiana Pacers,Player Rebounds - Tyus Jones (PHO),40833265,Tyus Jones 8+,NA,3,NA,239638365,NA
Phoenix Suns v Indiana Pacers,Phoenix Suns,Indiana Pacers,Player Rebounds,Andrew Nembhard,Indiana Pacers,3.5,2.9,NA,BetRight,Phoenix Suns,Player Rebounds - Andrew Nembhard (IND),40833266,Andrew Nembhard 4+,NA,1,NA,239638366,NA
Phoenix Suns v Indiana Pacers,Phoenix Suns,Indiana Pacers,Player Rebounds,Andrew Nembhard,Indiana Pacers,4.5,5.5,NA,BetRight,Phoenix Suns,Player Rebounds - Andrew Nembhard (IND),40833266,Andrew Nembhard 5+,NA,2,NA,239638367,NA
Phoenix Suns v Indiana Pacers,Phoenix Suns,Indiana Pacers,Player Rebounds,Andrew Nembhard,Indiana Pacers,7.5,34,NA,BetRight,Phoenix Suns,Player Rebounds - Andrew Nembhard (IND),40833266,Andrew Nembhard 8+,NA,3,NA,239638368,NA
Phoenix Suns v Indiana Pacers,Phoenix Suns,Indiana Pacers,Player Rebounds,T.J. McConnell,Indiana Pacers,3.5,2.4,NA,BetRight,Phoenix Suns,Player Rebounds - T.J. McConnell (IND),40845156,T.J. McConnell 4+,NA,1,NA,239692592,NA
Phoenix Suns v Indiana Pacers,Phoenix Suns,Indiana Pacers,Player Rebounds,T.J. McConnell,Indiana Pacers,4.5,4.2,NA,BetRight,Phoenix Suns,Player Rebounds - T.J. McConnell (IND),40845156,T.J. McConnell 5+,NA,2,NA,239692593,NA
Phoenix Suns v Indiana Pacers,Phoenix Suns,Indiana Pacers,Player Rebounds,T.J. McConnell,Indiana Pacers,7.5,23,NA,BetRight,Phoenix Suns,Player Rebounds - T.J. McConnell (IND),40845156,T.J. McConnell 8+,NA,3,NA,239692594,NA
Phoenix Suns v Indiana Pacers,Phoenix Suns,Indiana Pacers,Player Rebounds,Obi Toppin,Indiana Pacers,3.5,1.42,NA,BetRight,Phoenix Suns,Player Rebounds - Obi Toppin (IND),40845157,Obi Toppin 4+,NA,1,NA,239692595,NA
Phoenix Suns v Indiana Pacers,Phoenix Suns,Indiana Pacers,Player Rebounds,Obi Toppin,Indiana Pacers,4.5,1.94,NA,BetRight,Phoenix Suns,Player Rebounds - Obi Toppin (IND),40845157,Obi Toppin 5+,NA,2,NA,239692596,NA
Phoenix Suns v Indiana Pacers,Phoenix Suns,Indiana Pacers,Player Rebounds,Obi Toppin,Indiana Pacers,7.5,7.5,NA,BetRight,Phoenix Suns,Player Rebounds - Obi Toppin (IND),40845157,Obi Toppin 8+,NA,3,NA,239692597,NA
Phoenix Suns v Indiana Pacers,Phoenix Suns,Indiana Pacers,Player Rebounds,Obi Toppin,Indiana Pacers,9.5,19,NA,BetRight,Phoenix Suns,Player Rebounds - Obi Toppin (IND),40845157,Obi Toppin 10+,NA,4,NA,239692598,NA
Phoenix Suns v Indiana Pacers,Phoenix Suns,Indiana Pacers,Player Rebounds,Jarace Walker,Indiana Pacers,3.5,1.53,NA,BetRight,Phoenix Suns,Player Rebounds - Jarace Walker (IND),40845158,Jarace Walker 4+,NA,1,NA,239692599,NA
Phoenix Suns v Indiana Pacers,Phoenix Suns,Indiana Pacers,Player Rebounds,Jarace Walker,Indiana Pacers,4.5,2.15,NA,BetRight,Phoenix Suns,Player Rebounds - Jarace Walker (IND),40845158,Jarace Walker 5+,NA,2,NA,239692600,NA
Phoenix Suns v Indiana Pacers,Phoenix Suns,Indiana Pacers,Player Rebounds,Jarace Walker,Indiana Pacers,7.5,9.5,NA,BetRight,Phoenix Suns,Player Rebounds - Jarace Walker (IND),40845158,Jarace Walker 8+,NA,3,NA,239692601,NA
Phoenix Suns v Indiana Pacers,Phoenix Suns,Indiana Pacers,Player Rebounds,Grayson Allen,Phoenix Suns,3.5,2.63,NA,BetRight,Indiana Pacers,Player Rebounds - Grayson Allen (PHO),40857550,Grayson Allen 4+,NA,1,NA,239739645,NA
Phoenix Suns v Indiana Pacers,Phoenix Suns,Indiana Pacers,Player Rebounds,Grayson Allen,Phoenix Suns,4.5,4.75,NA,BetRight,Indiana Pacers,Player Rebounds - Grayson Allen (PHO),40857550,Grayson Allen 5+,NA,2,NA,239739646,NA
Phoenix Suns v Indiana Pacers,Phoenix Suns,Indiana Pacers,Player Rebounds,Grayson Allen,Phoenix Suns,7.5,29,NA,BetRight,Indiana Pacers,Player Rebounds - Grayson Allen (PHO),40857550,Grayson Allen 8+,NA,3,NA,239739647,NA
Phoenix Suns v Indiana Pacers,Phoenix Suns,Indiana Pacers,Player Rebounds,Royce O'Neale,Phoenix Suns,3.5,1.26,NA,BetRight,Indiana Pacers,Player Rebounds - Royce O'Neale (PHO),40857551,Royce O'Neale 4+,NA,1,NA,239739648,NA
Phoenix Suns v Indiana Pacers,Phoenix Suns,Indiana Pacers,Player Rebounds,Royce O'Neale,Phoenix Suns,4.5,1.6,NA,BetRight,Indiana Pacers,Player Rebounds - Royce O'Neale (PHO),40857551,Royce O'Neale 5+,NA,2,NA,239739649,NA
Phoenix Suns v Indiana Pacers,Phoenix Suns,Indiana Pacers,Player Rebounds,Royce O'Neale,Phoenix Suns,7.5,5,NA,BetRight,Indiana Pacers,Player Rebounds - Royce O'Neale (PHO),40857551,Royce O'Neale 8+,NA,3,NA,239739650,NA
Phoenix Suns v Indiana Pacers,Phoenix Suns,Indiana Pacers,Player Rebounds,Royce O'Neale,Phoenix Suns,9.5,13,NA,BetRight,Indiana Pacers,Player Rebounds - Royce O'Neale (PHO),40857551,Royce O'Neale 10+,NA,4,NA,239739651,NA
Minnesota Timberwolves v New York Knicks,Minnesota Timberwolves,New York Knicks,Player Rebounds,Mike Conley,Minnesota Timberwolves,3.5,2.5,NA,BetRight,New York Knicks,Player Rebounds - Mike Conley (MIN),40810737,Mike Conley 4+,NA,1,NA,239545016,NA
Minnesota Timberwolves v New York Knicks,Minnesota Timberwolves,New York Knicks,Player Rebounds,Mike Conley,Minnesota Timberwolves,4.5,4.5,NA,BetRight,New York Knicks,Player Rebounds - Mike Conley (MIN),40810737,Mike Conley 5+,NA,2,NA,239545017,NA
Minnesota Timberwolves v New York Knicks,Minnesota Timberwolves,New York Knicks,Player Rebounds,Mike Conley,Minnesota Timberwolves,7.5,26,NA,BetRight,New York Knicks,Player Rebounds - Mike Conley (MIN),40810737,Mike Conley 8+,NA,3,NA,239545018,NA
Minnesota Timberwolves v New York Knicks,Minnesota Timberwolves,New York Knicks,Player Rebounds,Anthony Edwards,Minnesota Timberwolves,3.5,1.25,NA,BetRight,New York Knicks,Player Rebounds - Anthony Edwards (MIN),40810738,Anthony Edwards 4+,NA,1,NA,239545019,NA
Minnesota Timberwolves v New York Knicks,Minnesota Timberwolves,New York Knicks,Player Rebounds,Anthony Edwards,Minnesota Timberwolves,4.5,1.55,NA,BetRight,New York Knicks,Player Rebounds - Anthony Edwards (MIN),40810738,Anthony Edwards 5+,NA,2,NA,239545020,NA
Minnesota Timberwolves v New York Knicks,Minnesota Timberwolves,New York Knicks,Player Rebounds,Anthony Edwards,Minnesota Timberwolves,7.5,4.6,NA,BetRight,New York Knicks,Player Rebounds - Anthony Edwards (MIN),40810738,Anthony Edwards 8+,NA,3,NA,239545021,NA
Minnesota Timberwolves v New York Knicks,Minnesota Timberwolves,New York Knicks,Player Rebounds,Anthony Edwards,Minnesota Timberwolves,9.5,12,NA,BetRight,New York Knicks,Player Rebounds - Anthony Edwards (MIN),40810738,Anthony Edwards 10+,NA,4,NA,239545022,NA
Minnesota Timberwolves v New York Knicks,Minnesota Timberwolves,New York Knicks,Player Rebounds,Rudy Gobert,Minnesota Timberwolves,7.5,1.06,NA,BetRight,New York Knicks,Player Rebounds - Rudy Gobert (MIN),40810739,Rudy Gobert 8+,NA,1,NA,239545023,NA
Minnesota Timberwolves v New York Knicks,Minnesota Timberwolves,New York Knicks,Player Rebounds,Rudy Gobert,Minnesota Timberwolves,9.5,1.18,NA,BetRight,New York Knicks,Player Rebounds - Rudy Gobert (MIN),40810739,Rudy Gobert 10+,NA,2,NA,239545024,NA
Minnesota Timberwolves v New York Knicks,Minnesota Timberwolves,New York Knicks,Player Rebounds,Rudy Gobert,Minnesota Timberwolves,11.5,1.53,NA,BetRight,New York Knicks,Player Rebounds - Rudy Gobert (MIN),40810739,Rudy Gobert 12+,NA,3,NA,239545025,NA
Minnesota Timberwolves v New York Knicks,Minnesota Timberwolves,New York Knicks,Player Rebounds,Rudy Gobert,Minnesota Timberwolves,14.5,2.9,NA,BetRight,New York Knicks,Player Rebounds - Rudy Gobert (MIN),40810739,Rudy Gobert 15+,NA,4,NA,239545026,NA
Minnesota Timberwolves v New York Knicks,Minnesota Timberwolves,New York Knicks,Player Rebounds,Rudy Gobert,Minnesota Timberwolves,17.5,7,NA,BetRight,New York Knicks,Player Rebounds - Rudy Gobert (MIN),40810739,Rudy Gobert 18+,NA,5,NA,239545027,NA
Minnesota Timberwolves v New York Knicks,Minnesota Timberwolves,New York Knicks,Player Rebounds,Jaden McDaniels,Minnesota Timberwolves,3.5,1.57,NA,BetRight,New York Knicks,Player Rebounds - Jaden McDaniels (MIN),40810740,Jaden McDaniels 4+,NA,1,NA,239545028,NA
Minnesota Timberwolves v New York Knicks,Minnesota Timberwolves,New York Knicks,Player Rebounds,Jaden McDaniels,Minnesota Timberwolves,4.5,2.2,NA,BetRight,New York Knicks,Player Rebounds - Jaden McDaniels (MIN),40810740,Jaden McDaniels 5+,NA,2,NA,239545029,NA
Minnesota Timberwolves v New York Knicks,Minnesota Timberwolves,New York Knicks,Player Rebounds,Jaden McDaniels,Minnesota Timberwolves,7.5,9.5,NA,BetRight,New York Knicks,Player Rebounds - Jaden McDaniels (MIN),40810740,Jaden McDaniels 8+,NA,3,NA,239545030,NA
Minnesota Timberwolves v New York Knicks,Minnesota Timberwolves,New York Knicks,Player Rebounds,Julius Randle,Minnesota Timberwolves,3.5,1.08,NA,BetRight,New York Knicks,Player Rebounds - Julius Randle (MIN),40810741,Julius Randle 4+,NA,1,NA,239545031,NA
Minnesota Timberwolves v New York Knicks,Minnesota Timberwolves,New York Knicks,Player Rebounds,Julius Randle,Minnesota Timberwolves,4.5,1.2,NA,BetRight,New York Knicks,Player Rebounds - Julius Randle (MIN),40810741,Julius Randle 5+,NA,2,NA,239545032,NA
Minnesota Timberwolves v New York Knicks,Minnesota Timberwolves,New York Knicks,Player Rebounds,Julius Randle,Minnesota Timberwolves,7.5,2.4,NA,BetRight,New York Knicks,Player Rebounds - Julius Randle (MIN),40810741,Julius Randle 8+,NA,3,NA,239545033,NA
Minnesota Timberwolves v New York Knicks,Minnesota Timberwolves,New York Knicks,Player Rebounds,Julius Randle,Minnesota Timberwolves,9.5,5.25,NA,BetRight,New York Knicks,Player Rebounds - Julius Randle (MIN),40810741,Julius Randle 10+,NA,4,NA,239545034,NA
Minnesota Timberwolves v New York Knicks,Minnesota Timberwolves,New York Knicks,Player Rebounds,Julius Randle,Minnesota Timberwolves,11.5,12,NA,BetRight,New York Knicks,Player Rebounds - Julius Randle (MIN),40810741,Julius Randle 12+,NA,5,NA,239545035,NA
Minnesota Timberwolves v New York Knicks,Minnesota Timberwolves,New York Knicks,Player Rebounds,O.G. Anunoby,NA,3.5,1.36,NA,BetRight,NA,Player Rebounds - O.G. Anunoby (NY),40810742,O.G. Anunoby 4+,NA,1,NA,239545036,NA
Minnesota Timberwolves v New York Knicks,Minnesota Timberwolves,New York Knicks,Player Rebounds,O.G. Anunoby,NA,4.5,1.75,NA,BetRight,NA,Player Rebounds - O.G. Anunoby (NY),40810742,O.G. Anunoby 5+,NA,2,NA,239545037,NA
Minnesota Timberwolves v New York Knicks,Minnesota Timberwolves,New York Knicks,Player Rebounds,O.G. Anunoby,NA,7.5,6.25,NA,BetRight,NA,Player Rebounds - O.G. Anunoby (NY),40810742,O.G. Anunoby 8+,NA,3,NA,239545038,NA
Minnesota Timberwolves v New York Knicks,Minnesota Timberwolves,New York Knicks,Player Rebounds,O.G. Anunoby,NA,9.5,15,NA,BetRight,NA,Player Rebounds - O.G. Anunoby (NY),40810742,O.G. Anunoby 10+,NA,4,NA,239545039,NA
Minnesota Timberwolves v New York Knicks,Minnesota Timberwolves,New York Knicks,Player Rebounds,Mikal Bridges,New York Knicks,3.5,2,NA,BetRight,Minnesota Timberwolves,Player Rebounds - Mikal Bridges (NY),40810743,Mikal Bridges 4+,NA,1,NA,239545040,NA
Minnesota Timberwolves v New York Knicks,Minnesota Timberwolves,New York Knicks,Player Rebounds,Mikal Bridges,New York Knicks,4.5,3.25,NA,BetRight,Minnesota Timberwolves,Player Rebounds - Mikal Bridges (NY),40810743,Mikal Bridges 5+,NA,2,NA,239545041,NA
Minnesota Timberwolves v New York Knicks,Minnesota Timberwolves,New York Knicks,Player Rebounds,Mikal Bridges,New York Knicks,7.5,17,NA,BetRight,Minnesota Timberwolves,Player Rebounds - Mikal Bridges (NY),40810743,Mikal Bridges 8+,NA,3,NA,239545042,NA
Minnesota Timberwolves v New York Knicks,Minnesota Timberwolves,New York Knicks,Player Rebounds,Jalen Brunson,New York Knicks,3.5,2.3,NA,BetRight,Minnesota Timberwolves,Player Rebounds - Jalen Brunson (NY),40810744,Jalen Brunson 4+,NA,1,NA,239545043,NA
Minnesota Timberwolves v New York Knicks,Minnesota Timberwolves,New York Knicks,Player Rebounds,Jalen Brunson,New York Knicks,4.5,4,NA,BetRight,Minnesota Timberwolves,Player Rebounds - Jalen Brunson (NY),40810744,Jalen Brunson 5+,NA,2,NA,239545044,NA
Minnesota Timberwolves v New York Knicks,Minnesota Timberwolves,New York Knicks,Player Rebounds,Jalen Brunson,New York Knicks,7.5,21,NA,BetRight,Minnesota Timberwolves,Player Rebounds - Jalen Brunson (NY),40810744,Jalen Brunson 8+,NA,3,NA,239545045,NA
Minnesota Timberwolves v New York Knicks,Minnesota Timberwolves,New York Knicks,Player Rebounds,Josh Hart,New York Knicks,3.5,1.04,NA,BetRight,Minnesota Timberwolves,Player Rebounds - Josh Hart (NY),40810745,Josh Hart 4+,NA,1,NA,239545046,NA
Minnesota Timberwolves v New York Knicks,Minnesota Timberwolves,New York Knicks,Player Rebounds,Josh Hart,New York Knicks,4.5,1.1,NA,BetRight,Minnesota Timberwolves,Player Rebounds - Josh Hart (NY),40810745,Josh Hart 5+,NA,2,NA,239545047,NA
Minnesota Timberwolves v New York Knicks,Minnesota Timberwolves,New York Knicks,Player Rebounds,Josh Hart,New York Knicks,7.5,1.78,NA,BetRight,Minnesota Timberwolves,Player Rebounds - Josh Hart (NY),40810745,Josh Hart 8+,NA,3,NA,239545048,NA
Minnesota Timberwolves v New York Knicks,Minnesota Timberwolves,New York Knicks,Player Rebounds,Josh Hart,New York Knicks,9.5,3.2,NA,BetRight,Minnesota Timberwolves,Player Rebounds - Josh Hart (NY),40810745,Josh Hart 10+,NA,4,NA,239545049,NA
Minnesota Timberwolves v New York Knicks,Minnesota Timberwolves,New York Knicks,Player Rebounds,Josh Hart,New York Knicks,11.5,6.75,NA,BetRight,Minnesota Timberwolves,Player Rebounds - Josh Hart (NY),40810745,Josh Hart 12+,NA,5,NA,239545050,NA
Minnesota Timberwolves v New York Knicks,Minnesota Timberwolves,New York Knicks,Player Rebounds,Karl-Anthony Towns,New York Knicks,9.5,1.13,NA,BetRight,Minnesota Timberwolves,Player Rebounds - Karl-Anthony Towns (NY),40810746,Karl-Anthony Towns 10+,NA,2,NA,239545052,NA
Minnesota Timberwolves v New York Knicks,Minnesota Timberwolves,New York Knicks,Player Rebounds,Karl-Anthony Towns,New York Knicks,11.5,1.38,NA,BetRight,Minnesota Timberwolves,Player Rebounds - Karl-Anthony Towns (NY),40810746,Karl-Anthony Towns 12+,NA,3,NA,239545053,NA
Minnesota Timberwolves v New York Knicks,Minnesota Timberwolves,New York Knicks,Player Rebounds,Karl-Anthony Towns,New York Knicks,14.5,2.3,NA,BetRight,Minnesota Timberwolves,Player Rebounds - Karl-Anthony Towns (NY),40810746,Karl-Anthony Towns 15+,NA,4,NA,239545054,NA
Minnesota Timberwolves v New York Knicks,Minnesota Timberwolves,New York Knicks,Player Rebounds,Karl-Anthony Towns,New York Knicks,17.5,5,NA,BetRight,Minnesota Timberwolves,Player Rebounds - Karl-Anthony Towns (NY),40810746,Karl-Anthony Towns 18+,NA,5,NA,239545055,NA
Minnesota Timberwolves v New York Knicks,Minnesota Timberwolves,New York Knicks,Player Rebounds,Karl-Anthony Towns,New York Knicks,19.5,9.5,NA,BetRight,Minnesota Timberwolves,Player Rebounds - Karl-Anthony Towns (NY),40810746,Karl-Anthony Towns 20+,NA,6,NA,239672984,NA
Minnesota Timberwolves v New York Knicks,Minnesota Timberwolves,New York Knicks,Player Rebounds,Nickeil Alexander-Walker,Minnesota Timberwolves,3.5,3.5,NA,BetRight,New York Knicks,Player Rebounds - Nickeil Alexander-Walker (MIN),40845194,Nickeil Alexander-Walker 4+,NA,1,NA,239692767,NA
Minnesota Timberwolves v New York Knicks,Minnesota Timberwolves,New York Knicks,Player Rebounds,Nickeil Alexander-Walker,Minnesota Timberwolves,4.5,6.75,NA,BetRight,New York Knicks,Player Rebounds - Nickeil Alexander-Walker (MIN),40845194,Nickeil Alexander-Walker 5+,NA,2,NA,239692768,NA
Minnesota Timberwolves v New York Knicks,Minnesota Timberwolves,New York Knicks,Player Rebounds,Nickeil Alexander-Walker,Minnesota Timberwolves,7.5,34,NA,BetRight,New York Knicks,Player Rebounds - Nickeil Alexander-Walker (MIN),40845194,Nickeil Alexander-Walker 8+,NA,3,NA,239692769,NA
Minnesota Timberwolves v New York Knicks,Minnesota Timberwolves,New York Knicks,Player Rebounds,Donte DiVincenzo,Minnesota Timberwolves,3.5,2.9,NA,BetRight,New York Knicks,Player Rebounds - Donte DiVincenzo (MIN),40845195,Donte DiVincenzo 4+,NA,1,NA,239692770,NA
Minnesota Timberwolves v New York Knicks,Minnesota Timberwolves,New York Knicks,Player Rebounds,Donte DiVincenzo,Minnesota Timberwolves,4.5,5.5,NA,BetRight,New York Knicks,Player Rebounds - Donte DiVincenzo (MIN),40845195,Donte DiVincenzo 5+,NA,2,NA,239692771,NA
Minnesota Timberwolves v New York Knicks,Minnesota Timberwolves,New York Knicks,Player Rebounds,Donte DiVincenzo,Minnesota Timberwolves,7.5,34,NA,BetRight,New York Knicks,Player Rebounds - Donte DiVincenzo (MIN),40845195,Donte DiVincenzo 8+,NA,3,NA,239692772,NA
Minnesota Timberwolves v New York Knicks,Minnesota Timberwolves,New York Knicks,Player Rebounds,Naz Reid,Minnesota Timberwolves,3.5,1.26,NA,BetRight,New York Knicks,Player Rebounds - Naz Reid (MIN),40845196,Naz Reid 4+,NA,1,NA,239692773,NA
Minnesota Timberwolves v New York Knicks,Minnesota Timberwolves,New York Knicks,Player Rebounds,Naz Reid,Minnesota Timberwolves,4.5,1.55,NA,BetRight,New York Knicks,Player Rebounds - Naz Reid (MIN),40845196,Naz Reid 5+,NA,2,NA,239692774,NA
Minnesota Timberwolves v New York Knicks,Minnesota Timberwolves,New York Knicks,Player Rebounds,Naz Reid,Minnesota Timberwolves,7.5,4.75,NA,BetRight,New York Knicks,Player Rebounds - Naz Reid (MIN),40845196,Naz Reid 8+,NA,3,NA,239692775,NA
Minnesota Timberwolves v New York Knicks,Minnesota Timberwolves,New York Knicks,Player Rebounds,Naz Reid,Minnesota Timberwolves,9.5,12,NA,BetRight,New York Knicks,Player Rebounds - Naz Reid (MIN),40845196,Naz Reid 10+,NA,4,NA,239692776,NA
Portland Trail Blazers v Denver Nuggets,Portland Trail Blazers,Denver Nuggets,Player Rebounds,Toumani Camara,Portland Trail Blazers,3.5,1.33,NA,BetRight,Denver Nuggets,Player Rebounds - Toumani Camara (POR),40844151,Toumani Camara 4+,NA,1,NA,239687898,NA
Portland Trail Blazers v Denver Nuggets,Portland Trail Blazers,Denver Nuggets,Player Rebounds,Toumani Camara,Portland Trail Blazers,4.5,1.73,NA,BetRight,Denver Nuggets,Player Rebounds - Toumani Camara (POR),40844151,Toumani Camara 5+,NA,2,NA,239687900,NA
Portland Trail Blazers v Denver Nuggets,Portland Trail Blazers,Denver Nuggets,Player Rebounds,Toumani Camara,Portland Trail Blazers,7.5,5.75,NA,BetRight,Denver Nuggets,Player Rebounds - Toumani Camara (POR),40844151,Toumani Camara 8+,NA,3,NA,239687897,NA
Portland Trail Blazers v Denver Nuggets,Portland Trail Blazers,Denver Nuggets,Player Rebounds,Toumani Camara,Portland Trail Blazers,9.5,15,NA,BetRight,Denver Nuggets,Player Rebounds - Toumani Camara (POR),40844151,Toumani Camara 10+,NA,4,NA,239687899,NA
Portland Trail Blazers v Denver Nuggets,Portland Trail Blazers,Denver Nuggets,Player Rebounds,Jerami Grant,Portland Trail Blazers,3.5,1.92,NA,BetRight,Denver Nuggets,Player Rebounds - Jerami Grant (POR),40844152,Jerami Grant 4+,NA,1,NA,239687902,NA
Portland Trail Blazers v Denver Nuggets,Portland Trail Blazers,Denver Nuggets,Player Rebounds,Jerami Grant,Portland Trail Blazers,4.5,3,NA,BetRight,Denver Nuggets,Player Rebounds - Jerami Grant (POR),40844152,Jerami Grant 5+,NA,2,NA,239687903,NA
Portland Trail Blazers v Denver Nuggets,Portland Trail Blazers,Denver Nuggets,Player Rebounds,Jerami Grant,Portland Trail Blazers,7.5,15,NA,BetRight,Denver Nuggets,Player Rebounds - Jerami Grant (POR),40844152,Jerami Grant 8+,NA,3,NA,239687901,NA
Portland Trail Blazers v Denver Nuggets,Portland Trail Blazers,Denver Nuggets,Player Rebounds,Shaedon Sharpe,Portland Trail Blazers,3.5,1.57,NA,BetRight,Denver Nuggets,Player Rebounds - Shaedon Sharpe (POR),40844153,Shaedon Sharpe 4+,NA,1,NA,239687905,NA
Portland Trail Blazers v Denver Nuggets,Portland Trail Blazers,Denver Nuggets,Player Rebounds,Shaedon Sharpe,Portland Trail Blazers,4.5,2.25,NA,BetRight,Denver Nuggets,Player Rebounds - Shaedon Sharpe (POR),40844153,Shaedon Sharpe 5+,NA,2,NA,239687904,NA
Portland Trail Blazers v Denver Nuggets,Portland Trail Blazers,Denver Nuggets,Player Rebounds,Shaedon Sharpe,Portland Trail Blazers,7.5,10,NA,BetRight,Denver Nuggets,Player Rebounds - Shaedon Sharpe (POR),40844153,Shaedon Sharpe 8+,NA,3,NA,239687906,NA
Portland Trail Blazers v Denver Nuggets,Portland Trail Blazers,Denver Nuggets,Player Rebounds,Anfernee Simons,Portland Trail Blazers,3.5,2.25,NA,BetRight,Denver Nuggets,Player Rebounds - Anfernee Simons (POR),40844154,Anfernee Simons 4+,NA,1,NA,239687908,NA
Portland Trail Blazers v Denver Nuggets,Portland Trail Blazers,Denver Nuggets,Player Rebounds,Anfernee Simons,Portland Trail Blazers,4.5,3.9,NA,BetRight,Denver Nuggets,Player Rebounds - Anfernee Simons (POR),40844154,Anfernee Simons 5+,NA,2,NA,239687907,NA
Portland Trail Blazers v Denver Nuggets,Portland Trail Blazers,Denver Nuggets,Player Rebounds,Anfernee Simons,Portland Trail Blazers,7.5,23,NA,BetRight,Denver Nuggets,Player Rebounds - Anfernee Simons (POR),40844154,Anfernee Simons 8+,NA,3,NA,239687909,NA
Portland Trail Blazers v Denver Nuggets,Portland Trail Blazers,Denver Nuggets,Player Rebounds,Christian Braun,Denver Nuggets,3.5,1.62,NA,BetRight,Portland Trail Blazers,Player Rebounds - Christian Braun (DEN),40844155,Christian Braun 4+,NA,1,NA,239687910,NA
Portland Trail Blazers v Denver Nuggets,Portland Trail Blazers,Denver Nuggets,Player Rebounds,Christian Braun,Denver Nuggets,4.5,2.3,NA,BetRight,Portland Trail Blazers,Player Rebounds - Christian Braun (DEN),40844155,Christian Braun 5+,NA,2,NA,239687912,NA
Portland Trail Blazers v Denver Nuggets,Portland Trail Blazers,Denver Nuggets,Player Rebounds,Christian Braun,Denver Nuggets,7.5,11,NA,BetRight,Portland Trail Blazers,Player Rebounds - Christian Braun (DEN),40844155,Christian Braun 8+,NA,3,NA,239687911,NA
Portland Trail Blazers v Denver Nuggets,Portland Trail Blazers,Denver Nuggets,Player Rebounds,Aaron Gordon,Denver Nuggets,3.5,1.15,NA,BetRight,Portland Trail Blazers,Player Rebounds - Aaron Gordon (DEN),40844156,Aaron Gordon 4+,NA,1,NA,239687916,NA
Portland Trail Blazers v Denver Nuggets,Portland Trail Blazers,Denver Nuggets,Player Rebounds,Aaron Gordon,Denver Nuggets,4.5,1.33,NA,BetRight,Portland Trail Blazers,Player Rebounds - Aaron Gordon (DEN),40844156,Aaron Gordon 5+,NA,2,NA,239687914,NA
Portland Trail Blazers v Denver Nuggets,Portland Trail Blazers,Denver Nuggets,Player Rebounds,Aaron Gordon,Denver Nuggets,7.5,3.3,NA,BetRight,Portland Trail Blazers,Player Rebounds - Aaron Gordon (DEN),40844156,Aaron Gordon 8+,NA,3,NA,239687913,NA
Portland Trail Blazers v Denver Nuggets,Portland Trail Blazers,Denver Nuggets,Player Rebounds,Aaron Gordon,Denver Nuggets,9.5,8,NA,BetRight,Portland Trail Blazers,Player Rebounds - Aaron Gordon (DEN),40844156,Aaron Gordon 10+,NA,4,NA,239687915,NA
Portland Trail Blazers v Denver Nuggets,Portland Trail Blazers,Denver Nuggets,Player Rebounds,Nikola Jokic,NA,7.5,1.05,NA,BetRight,NA,Player Rebounds - Nikola Jokic (DEN),40844157,Nikola Jokic 8+,NA,1,NA,239687919,NA
Portland Trail Blazers v Denver Nuggets,Portland Trail Blazers,Denver Nuggets,Player Rebounds,Nikola Jokic,NA,9.5,1.17,NA,BetRight,NA,Player Rebounds - Nikola Jokic (DEN),40844157,Nikola Jokic 10+,NA,2,NA,239687917,NA
Portland Trail Blazers v Denver Nuggets,Portland Trail Blazers,Denver Nuggets,Player Rebounds,Nikola Jokic,NA,11.5,1.46,NA,BetRight,NA,Player Rebounds - Nikola Jokic (DEN),40844157,Nikola Jokic 12+,NA,3,NA,239687920,NA
Portland Trail Blazers v Denver Nuggets,Portland Trail Blazers,Denver Nuggets,Player Rebounds,Nikola Jokic,NA,14.5,2.63,NA,BetRight,NA,Player Rebounds - Nikola Jokic (DEN),40844157,Nikola Jokic 15+,NA,4,NA,239687918,NA
Portland Trail Blazers v Denver Nuggets,Portland Trail Blazers,Denver Nuggets,Player Rebounds,Nikola Jokic,NA,17.5,6,NA,BetRight,NA,Player Rebounds - Nikola Jokic (DEN),40844157,Nikola Jokic 18+,NA,5,NA,239687921,NA
Portland Trail Blazers v Denver Nuggets,Portland Trail Blazers,Denver Nuggets,Player Rebounds,Jamal Murray,Denver Nuggets,3.5,1.83,NA,BetRight,Portland Trail Blazers,Player Rebounds - Jamal Murray (DEN),40844158,Jamal Murray 4+,NA,1,NA,239687922,NA
Portland Trail Blazers v Denver Nuggets,Portland Trail Blazers,Denver Nuggets,Player Rebounds,Jamal Murray,Denver Nuggets,4.5,2.8,NA,BetRight,Portland Trail Blazers,Player Rebounds - Jamal Murray (DEN),40844158,Jamal Murray 5+,NA,2,NA,239687923,NA
Portland Trail Blazers v Denver Nuggets,Portland Trail Blazers,Denver Nuggets,Player Rebounds,Jamal Murray,Denver Nuggets,7.5,15,NA,BetRight,Portland Trail Blazers,Player Rebounds - Jamal Murray (DEN),40844158,Jamal Murray 8+,NA,3,NA,239687924,NA
Portland Trail Blazers v Denver Nuggets,Portland Trail Blazers,Denver Nuggets,Player Rebounds,Michael Porter Jr.,Denver Nuggets,3.5,1.11,NA,BetRight,Portland Trail Blazers,Player Rebounds - Michael Porter Jr. (DEN),40844159,Michael Porter Jr. 4+,NA,1,NA,239687926,NA
Portland Trail Blazers v Denver Nuggets,Portland Trail Blazers,Denver Nuggets,Player Rebounds,Michael Porter Jr.,Denver Nuggets,4.5,1.26,NA,BetRight,Portland Trail Blazers,Player Rebounds - Michael Porter Jr. (DEN),40844159,Michael Porter Jr. 5+,NA,2,NA,239687928,NA
Portland Trail Blazers v Denver Nuggets,Portland Trail Blazers,Denver Nuggets,Player Rebounds,Michael Porter Jr.,Denver Nuggets,7.5,2.9,NA,BetRight,Portland Trail Blazers,Player Rebounds - Michael Porter Jr. (DEN),40844159,Michael Porter Jr. 8+,NA,3,NA,239687925,NA
Portland Trail Blazers v Denver Nuggets,Portland Trail Blazers,Denver Nuggets,Player Rebounds,Michael Porter Jr.,Denver Nuggets,9.5,6.75,NA,BetRight,Portland Trail Blazers,Player Rebounds - Michael Porter Jr. (DEN),40844159,Michael Porter Jr. 10+,NA,4,NA,239687927,NA
Portland Trail Blazers v Denver Nuggets,Portland Trail Blazers,Denver Nuggets,Player Rebounds,Julian Strawther,Denver Nuggets,3.5,3.6,NA,BetRight,Portland Trail Blazers,Player Rebounds - Julian Strawther (DEN),40844160,Julian Strawther 4+,NA,1,NA,239687930,NA
Portland Trail Blazers v Denver Nuggets,Portland Trail Blazers,Denver Nuggets,Player Rebounds,Julian Strawther,Denver Nuggets,4.5,6.75,NA,BetRight,Portland Trail Blazers,Player Rebounds - Julian Strawther (DEN),40844160,Julian Strawther 5+,NA,2,NA,239687931,NA
Portland Trail Blazers v Denver Nuggets,Portland Trail Blazers,Denver Nuggets,Player Rebounds,Julian Strawther,Denver Nuggets,7.5,34,NA,BetRight,Portland Trail Blazers,Player Rebounds - Julian Strawther (DEN),40844160,Julian Strawther 8+,NA,3,NA,239687929,NA
Portland Trail Blazers v Denver Nuggets,Portland Trail Blazers,Denver Nuggets,Player Rebounds,Deandre Ayton,Portland Trail Blazers,4.5,1.03,NA,BetRight,Denver Nuggets,Player Rebounds - Deandre Ayton (POR),40846465,Deandre Ayton 5+,NA,1,NA,239698725,NA
Portland Trail Blazers v Denver Nuggets,Portland Trail Blazers,Denver Nuggets,Player Rebounds,Deandre Ayton,Portland Trail Blazers,7.5,1.3,NA,BetRight,Denver Nuggets,Player Rebounds - Deandre Ayton (POR),40846465,Deandre Ayton 8+,NA,2,NA,239698728,NA
Portland Trail Blazers v Denver Nuggets,Portland Trail Blazers,Denver Nuggets,Player Rebounds,Deandre Ayton,Portland Trail Blazers,9.5,1.88,NA,BetRight,Denver Nuggets,Player Rebounds - Deandre Ayton (POR),40846465,Deandre Ayton 10+,NA,3,NA,239698726,NA
Portland Trail Blazers v Denver Nuggets,Portland Trail Blazers,Denver Nuggets,Player Rebounds,Deandre Ayton,Portland Trail Blazers,11.5,3.25,NA,BetRight,Denver Nuggets,Player Rebounds - Deandre Ayton (POR),40846465,Deandre Ayton 12+,NA,4,NA,239698724,NA
Portland Trail Blazers v Denver Nuggets,Portland Trail Blazers,Denver Nuggets,Player Rebounds,Deandre Ayton,Portland Trail Blazers,14.5,9.5,NA,BetRight,Denver Nuggets,Player Rebounds - Deandre Ayton (POR),40846465,Deandre Ayton 15+,NA,5,NA,239698727,NA
Portland Trail Blazers v Denver Nuggets,Portland Trail Blazers,Denver Nuggets,Player Rebounds,Deni Avdija,Portland Trail Blazers,3.5,1.18,NA,BetRight,Denver Nuggets,Player Rebounds - Deni Avdija (POR),40857575,Deni Avdija 4+,NA,1,NA,239739720,NA
Portland Trail Blazers v Denver Nuggets,Portland Trail Blazers,Denver Nuggets,Player Rebounds,Deni Avdija,Portland Trail Blazers,4.5,1.4,NA,BetRight,Denver Nuggets,Player Rebounds - Deni Avdija (POR),40857575,Deni Avdija 5+,NA,2,NA,239739721,NA
Portland Trail Blazers v Denver Nuggets,Portland Trail Blazers,Denver Nuggets,Player Rebounds,Deni Avdija,Portland Trail Blazers,7.5,3.6,NA,BetRight,Denver Nuggets,Player Rebounds - Deni Avdija (POR),40857575,Deni Avdija 8+,NA,3,NA,239739722,NA
Portland Trail Blazers v Denver Nuggets,Portland Trail Blazers,Denver Nuggets,Player Rebounds,Deni Avdija,Portland Trail Blazers,9.5,9,NA,BetRight,Denver Nuggets,Player Rebounds - Deni Avdija (POR),40857575,Deni Avdija 10+,NA,4,NA,239739723,NA
Portland Trail Blazers v Denver Nuggets,Portland Trail Blazers,Denver Nuggets,Player Rebounds,Scoot Henderson,Portland Trail Blazers,3.5,4,NA,BetRight,Denver Nuggets,Player Rebounds - Scoot Henderson (POR),40857576,Scoot Henderson 4+,NA,1,NA,239739724,NA
Portland Trail Blazers v Denver Nuggets,Portland Trail Blazers,Denver Nuggets,Player Rebounds,Scoot Henderson,Portland Trail Blazers,4.5,8,NA,BetRight,Denver Nuggets,Player Rebounds - Scoot Henderson (POR),40857576,Scoot Henderson 5+,NA,2,NA,239739725,NA
Portland Trail Blazers v Denver Nuggets,Portland Trail Blazers,Denver Nuggets,Player Rebounds,Scoot Henderson,Portland Trail Blazers,7.5,41,NA,BetRight,Denver Nuggets,Player Rebounds - Scoot Henderson (POR),40857576,Scoot Henderson 8+,NA,3,NA,239739726,NA
Sacramento Kings v Los Angeles Lakers,Sacramento Kings,Los Angeles Lakers,Player Rebounds,DeMar DeRozan,Sacramento Kings,3.5,1.75,NA,BetRight,Los Angeles Lakers,Player Rebounds - DeMar DeRozan (SAC),40818765,DeMar DeRozan 4+,NA,1,NA,239583138,NA
Sacramento Kings v Los Angeles Lakers,Sacramento Kings,Los Angeles Lakers,Player Rebounds,DeMar DeRozan,Sacramento Kings,4.5,2.63,NA,BetRight,Los Angeles Lakers,Player Rebounds - DeMar DeRozan (SAC),40818765,DeMar DeRozan 5+,NA,2,NA,239583139,NA
Sacramento Kings v Los Angeles Lakers,Sacramento Kings,Los Angeles Lakers,Player Rebounds,DeMar DeRozan,Sacramento Kings,7.5,13,NA,BetRight,Los Angeles Lakers,Player Rebounds - DeMar DeRozan (SAC),40818765,DeMar DeRozan 8+,NA,3,NA,239583137,NA
Sacramento Kings v Los Angeles Lakers,Sacramento Kings,Los Angeles Lakers,Player Rebounds,De'Aaron Fox,Sacramento Kings,3.5,1.26,NA,BetRight,Los Angeles Lakers,Player Rebounds - De'Aaron Fox (SAC),40818766,De'Aaron Fox 4+,NA,1,NA,239583143,NA
Sacramento Kings v Los Angeles Lakers,Sacramento Kings,Los Angeles Lakers,Player Rebounds,De'Aaron Fox,Sacramento Kings,4.5,1.57,NA,BetRight,Los Angeles Lakers,Player Rebounds - De'Aaron Fox (SAC),40818766,De'Aaron Fox 5+,NA,2,NA,239583140,NA
Sacramento Kings v Los Angeles Lakers,Sacramento Kings,Los Angeles Lakers,Player Rebounds,De'Aaron Fox,Sacramento Kings,7.5,4.75,NA,BetRight,Los Angeles Lakers,Player Rebounds - De'Aaron Fox (SAC),40818766,De'Aaron Fox 8+,NA,3,NA,239583142,NA
Sacramento Kings v Los Angeles Lakers,Sacramento Kings,Los Angeles Lakers,Player Rebounds,De'Aaron Fox,Sacramento Kings,9.5,12,NA,BetRight,Los Angeles Lakers,Player Rebounds - De'Aaron Fox (SAC),40818766,De'Aaron Fox 10+,NA,4,NA,239583141,NA
Sacramento Kings v Los Angeles Lakers,Sacramento Kings,Los Angeles Lakers,Player Rebounds,Malik Monk,Sacramento Kings,3.5,1.62,NA,BetRight,Los Angeles Lakers,Player Rebounds - Malik Monk (SAC),40818767,Malik Monk 4+,NA,1,NA,239583146,NA
Sacramento Kings v Los Angeles Lakers,Sacramento Kings,Los Angeles Lakers,Player Rebounds,Malik Monk,Sacramento Kings,4.5,2.4,NA,BetRight,Los Angeles Lakers,Player Rebounds - Malik Monk (SAC),40818767,Malik Monk 5+,NA,2,NA,239583144,NA
Sacramento Kings v Los Angeles Lakers,Sacramento Kings,Los Angeles Lakers,Player Rebounds,Malik Monk,Sacramento Kings,7.5,11,NA,BetRight,Los Angeles Lakers,Player Rebounds - Malik Monk (SAC),40818767,Malik Monk 8+,NA,3,NA,239583145,NA
Sacramento Kings v Los Angeles Lakers,Sacramento Kings,Los Angeles Lakers,Player Rebounds,Keegan Murray,Sacramento Kings,3.5,1.08,NA,BetRight,Los Angeles Lakers,Player Rebounds - Keegan Murray (SAC),40818768,Keegan Murray 4+,NA,1,NA,239583151,NA
Sacramento Kings v Los Angeles Lakers,Sacramento Kings,Los Angeles Lakers,Player Rebounds,Keegan Murray,Sacramento Kings,4.5,1.21,NA,BetRight,Los Angeles Lakers,Player Rebounds - Keegan Murray (SAC),40818768,Keegan Murray 5+,NA,2,NA,239583149,NA
Sacramento Kings v Los Angeles Lakers,Sacramento Kings,Los Angeles Lakers,Player Rebounds,Keegan Murray,Sacramento Kings,7.5,2.4,NA,BetRight,Los Angeles Lakers,Player Rebounds - Keegan Murray (SAC),40818768,Keegan Murray 8+,NA,3,NA,239583148,NA
Sacramento Kings v Los Angeles Lakers,Sacramento Kings,Los Angeles Lakers,Player Rebounds,Keegan Murray,Sacramento Kings,9.5,5.25,NA,BetRight,Los Angeles Lakers,Player Rebounds - Keegan Murray (SAC),40818768,Keegan Murray 10+,NA,4,NA,239583150,NA
Sacramento Kings v Los Angeles Lakers,Sacramento Kings,Los Angeles Lakers,Player Rebounds,Keegan Murray,Sacramento Kings,11.5,12,NA,BetRight,Los Angeles Lakers,Player Rebounds - Keegan Murray (SAC),40818768,Keegan Murray 12+,NA,5,NA,239583147,NA
Sacramento Kings v Los Angeles Lakers,Sacramento Kings,Los Angeles Lakers,Player Rebounds,Domantas Sabonis,Sacramento Kings,9.5,1.11,NA,BetRight,Los Angeles Lakers,Player Rebounds - Domantas Sabonis (SAC),40818769,Domantas Sabonis 10+,NA,1,NA,239583154,NA
Sacramento Kings v Los Angeles Lakers,Sacramento Kings,Los Angeles Lakers,Player Rebounds,Domantas Sabonis,Sacramento Kings,11.5,1.33,NA,BetRight,Los Angeles Lakers,Player Rebounds - Domantas Sabonis (SAC),40818769,Domantas Sabonis 12+,NA,2,NA,239583152,NA
Sacramento Kings v Los Angeles Lakers,Sacramento Kings,Los Angeles Lakers,Player Rebounds,Domantas Sabonis,Sacramento Kings,14.5,2.2,NA,BetRight,Los Angeles Lakers,Player Rebounds - Domantas Sabonis (SAC),40818769,Domantas Sabonis 15+,NA,3,NA,239583155,NA
Sacramento Kings v Los Angeles Lakers,Sacramento Kings,Los Angeles Lakers,Player Rebounds,Domantas Sabonis,Sacramento Kings,17.5,4.6,NA,BetRight,Los Angeles Lakers,Player Rebounds - Domantas Sabonis (SAC),40818769,Domantas Sabonis 18+,NA,4,NA,239583153,NA
Sacramento Kings v Los Angeles Lakers,Sacramento Kings,Los Angeles Lakers,Player Rebounds,Domantas Sabonis,Sacramento Kings,19.5,8.5,NA,BetRight,Los Angeles Lakers,Player Rebounds - Domantas Sabonis (SAC),40818769,Domantas Sabonis 20+,NA,5,NA,239583156,NA
Sacramento Kings v Los Angeles Lakers,Sacramento Kings,Los Angeles Lakers,Player Rebounds,Max Christie,Los Angeles Lakers,3.5,1.9,NA,BetRight,Sacramento Kings,Player Rebounds - Max Christie (LAL),40818770,Max Christie 4+,NA,1,NA,239583157,NA
Sacramento Kings v Los Angeles Lakers,Sacramento Kings,Los Angeles Lakers,Player Rebounds,Max Christie,Los Angeles Lakers,4.5,2.9,NA,BetRight,Sacramento Kings,Player Rebounds - Max Christie (LAL),40818770,Max Christie 5+,NA,2,NA,239583159,NA
Sacramento Kings v Los Angeles Lakers,Sacramento Kings,Los Angeles Lakers,Player Rebounds,Max Christie,Los Angeles Lakers,7.5,15,NA,BetRight,Sacramento Kings,Player Rebounds - Max Christie (LAL),40818770,Max Christie 8+,NA,3,NA,239583158,NA
Sacramento Kings v Los Angeles Lakers,Sacramento Kings,Los Angeles Lakers,Player Rebounds,Anthony Davis,Los Angeles Lakers,7.5,1.06,NA,BetRight,Sacramento Kings,Player Rebounds - Anthony Davis (LAL),40818771,Anthony Davis 8+,NA,1,NA,239583160,NA
Sacramento Kings v Los Angeles Lakers,Sacramento Kings,Los Angeles Lakers,Player Rebounds,Anthony Davis,Los Angeles Lakers,9.5,1.21,NA,BetRight,Sacramento Kings,Player Rebounds - Anthony Davis (LAL),40818771,Anthony Davis 10+,NA,2,NA,239583163,NA
Sacramento Kings v Los Angeles Lakers,Sacramento Kings,Los Angeles Lakers,Player Rebounds,Anthony Davis,Los Angeles Lakers,11.5,1.57,NA,BetRight,Sacramento Kings,Player Rebounds - Anthony Davis (LAL),40818771,Anthony Davis 12+,NA,3,NA,239583161,NA
Sacramento Kings v Los Angeles Lakers,Sacramento Kings,Los Angeles Lakers,Player Rebounds,Anthony Davis,Los Angeles Lakers,14.5,3,NA,BetRight,Sacramento Kings,Player Rebounds - Anthony Davis (LAL),40818771,Anthony Davis 15+,NA,4,NA,239583164,NA
Sacramento Kings v Los Angeles Lakers,Sacramento Kings,Los Angeles Lakers,Player Rebounds,Anthony Davis,Los Angeles Lakers,17.5,7,NA,BetRight,Sacramento Kings,Player Rebounds - Anthony Davis (LAL),40818771,Anthony Davis 18+,NA,5,NA,239583162,NA
Sacramento Kings v Los Angeles Lakers,Sacramento Kings,Los Angeles Lakers,Player Rebounds,Rui Hachimura,Los Angeles Lakers,3.5,1.18,NA,BetRight,Sacramento Kings,Player Rebounds - Rui Hachimura (LAL),40818772,Rui Hachimura 4+,NA,1,NA,239583167,NA
Sacramento Kings v Los Angeles Lakers,Sacramento Kings,Los Angeles Lakers,Player Rebounds,Rui Hachimura,Los Angeles Lakers,4.5,1.42,NA,BetRight,Sacramento Kings,Player Rebounds - Rui Hachimura (LAL),40818772,Rui Hachimura 5+,NA,2,NA,239583165,NA
Sacramento Kings v Los Angeles Lakers,Sacramento Kings,Los Angeles Lakers,Player Rebounds,Rui Hachimura,Los Angeles Lakers,7.5,3.75,NA,BetRight,Sacramento Kings,Player Rebounds - Rui Hachimura (LAL),40818772,Rui Hachimura 8+,NA,3,NA,239583168,NA
Sacramento Kings v Los Angeles Lakers,Sacramento Kings,Los Angeles Lakers,Player Rebounds,Rui Hachimura,Los Angeles Lakers,9.5,9,NA,BetRight,Sacramento Kings,Player Rebounds - Rui Hachimura (LAL),40818772,Rui Hachimura 10+,NA,4,NA,239583166,NA
Sacramento Kings v Los Angeles Lakers,Sacramento Kings,Los Angeles Lakers,Player Rebounds,Lebron James,NA,3.5,1.04,NA,BetRight,NA,Player Rebounds - LeBron James (LAL),40818773,Lebron James 4+,NA,1,NA,239583173,NA
Sacramento Kings v Los Angeles Lakers,Sacramento Kings,Los Angeles Lakers,Player Rebounds,Lebron James,NA,4.5,1.11,NA,BetRight,NA,Player Rebounds - LeBron James (LAL),40818773,Lebron James 5+,NA,2,NA,239583170,NA
Sacramento Kings v Los Angeles Lakers,Sacramento Kings,Los Angeles Lakers,Player Rebounds,Lebron James,NA,7.5,1.83,NA,BetRight,NA,Player Rebounds - LeBron James (LAL),40818773,Lebron James 8+,NA,3,NA,239583172,NA
Sacramento Kings v Los Angeles Lakers,Sacramento Kings,Los Angeles Lakers,Player Rebounds,Lebron James,NA,9.5,3.3,NA,BetRight,NA,Player Rebounds - LeBron James (LAL),40818773,Lebron James 10+,NA,4,NA,239583169,NA
Sacramento Kings v Los Angeles Lakers,Sacramento Kings,Los Angeles Lakers,Player Rebounds,Lebron James,NA,11.5,7,NA,BetRight,NA,Player Rebounds - LeBron James (LAL),40818773,Lebron James 12+,NA,5,NA,239583171,NA
Sacramento Kings v Los Angeles Lakers,Sacramento Kings,Los Angeles Lakers,Player Rebounds,Dalton Knecht,Los Angeles Lakers,3.5,2.2,NA,BetRight,Sacramento Kings,Player Rebounds - Dalton Knecht (LAL),40818774,Dalton Knecht 4+,NA,1,NA,239583175,NA
Sacramento Kings v Los Angeles Lakers,Sacramento Kings,Los Angeles Lakers,Player Rebounds,Dalton Knecht,Los Angeles Lakers,4.5,3.6,NA,BetRight,Sacramento Kings,Player Rebounds - Dalton Knecht (LAL),40818774,Dalton Knecht 5+,NA,2,NA,239583176,NA
Sacramento Kings v Los Angeles Lakers,Sacramento Kings,Los Angeles Lakers,Player Rebounds,Dalton Knecht,Los Angeles Lakers,7.5,21,NA,BetRight,Sacramento Kings,Player Rebounds - Dalton Knecht (LAL),40818774,Dalton Knecht 8+,NA,3,NA,239583174,NA
Sacramento Kings v Los Angeles Lakers,Sacramento Kings,Los Angeles Lakers,Player Rebounds,Austin Reaves,Los Angeles Lakers,3.5,2.05,NA,BetRight,Sacramento Kings,Player Rebounds - Austin Reaves (LAL),40818775,Austin Reaves 4+,NA,1,NA,239583177,NA
Sacramento Kings v Los Angeles Lakers,Sacramento Kings,Los Angeles Lakers,Player Rebounds,Austin Reaves,Los Angeles Lakers,4.5,3.3,NA,BetRight,Sacramento Kings,Player Rebounds - Austin Reaves (LAL),40818775,Austin Reaves 5+,NA,2,NA,239583179,NA
Sacramento Kings v Los Angeles Lakers,Sacramento Kings,Los Angeles Lakers,Player Rebounds,Austin Reaves,Los Angeles Lakers,7.5,19,NA,BetRight,Sacramento Kings,Player Rebounds - Austin Reaves (LAL),40818775,Austin Reaves 8+,NA,3,NA,239583178,NA
Sacramento Kings v Los Angeles Lakers,Sacramento Kings,Los Angeles Lakers,Player Rebounds,D'Angelo Russell,Los Angeles Lakers,3.5,4.5,NA,BetRight,Sacramento Kings,Player Rebounds - D'Angelo Russell (LAL),40818776,D'Angelo Russell 4+,NA,1,NA,239583181,NA
Sacramento Kings v Los Angeles Lakers,Sacramento Kings,Los Angeles Lakers,Player Rebounds,D'Angelo Russell,Los Angeles Lakers,4.5,9,NA,BetRight,Sacramento Kings,Player Rebounds - D'Angelo Russell (LAL),40818776,D'Angelo Russell 5+,NA,2,NA,239583180,NA
Sacramento Kings v Los Angeles Lakers,Sacramento Kings,Los Angeles Lakers,Player Rebounds,D'Angelo Russell,Los Angeles Lakers,7.5,41,NA,BetRight,Sacramento Kings,Player Rebounds - D'Angelo Russell (LAL),40818776,D'Angelo Russell 8+,NA,3,NA,239583182,NA
